r;23933784;95038;239128;0;1000000
r;74023163;95038;2983124;555;2140
r;9127432;95038;223173;36;340
r;8664305;95038;197989;11;165
r;8645546;95038;185848;11;164
r;2020966;95038;241794;36;154
r;364193098;95038;14304605;1;129
r;11860001;95038;124899;11;122
r;12701595;95038;350421;11;107
r;364096305;95038;54956;35;100
r;11593030;95038;329021;29;100
r;11593029;95038;224103;29;100
r;11592374;95038;328985;29;100
r;11592373;95038;222339;29;100
r;238267;95038;56608;14;100
r;238265;95038;142787;14;100
r;238266;95038;37993;14;90
r;79871;95038;54956;0;85
r;54629054;95038;14116;5;83
r;635678;95038;107098;5;76
r;79873;95038;75170;0;74
r;7007;95038;146882;4;72
r;54597362;95038;95915;5;68
r;364193091;95038;14304603;1;65
r;364096306;95038;126009;35;65
r;54751902;95038;146272;5;65
r;55061590;95038;102902;5;64
r;9140889;95038;254876;36;64
r;635677;95038;128674;5;64
r;79875;95038;58573;0;64
r;54751903;95038;82113;5;63
r;1395323;95038;171870;4;60
r;291427;95038;95038;19;60
r;253630;95038;54770;14;60
r;238264;95038;2026;14;59
r;84076;95038;78345;0;59
r;53763283;95038;42663;5;58
r;52475065;95038;2502934;11;58
r;11643016;95038;329021;0;58
r;12089991;95038;212235;4;57
r;1059837;95038;63278;39;57
r;59243782;95038;43447;5;56
r;84077;95038;20346;0;56
r;79872;95038;66970;0;56
r;364193147;95038;14304609;1;55
r;364096302;95038;23919;35;55
r;54934446;95038;19017;5;55
r;394522829;95038;7010755;333;54
r;394522827;95038;14955261;333;54
r;55039192;95038;2594513;11;54
r;54751901;95038;2585996;36;53
r;11642980;95038;328985;0;53
r;74642;95038;151865;18;53
r;7006;95038;146885;4;53
r;394535749;95038;14930634;333;52
r;53729399;95038;89502;5;52
r;18483647;95038;438949;36;52
r;11476136;95038;169483;0;51
r;238262;95038;112587;14;51
r;76317;95038;151866;18;51
r;423699713;95038;16165243;11;50
r;419740923;95038;16042446;11;50
r;33486911;95038;28453;32;48
r;87248328;95038;1819070;161;47
r;635676;95038;126009;5;47
r;364423834;95038;75511;0;46
r;59513614;95038;18995;5;46
r;278795960;95038;11010535;11;45
r;118545103;95038;5996111;11;45
r;54168736;95038;2586629;4;45
r;54130139;95038;2586627;4;45
r;278796350;95038;11010580;11;44
r;87248326;95038;54403;161;44
r;68543797;95038;2434511;5;44
r;61639357;95038;43729;0;44
r;87248329;95038;415109;161;43
r;53723603;95038;5435;5;43
r;54313727;95038;23919;0;42
r;635675;95038;67365;5;42
r;364423833;95038;212180;0;41
r;90863222;95038;3576104;18;41
r;87248327;95038;13401;161;41
r;62131314;95038;49615;0;41
r;62091784;95038;49615;3;41
r;53732987;95038;23919;5;41
r;473207982;95038;15424714;11;40
r;79195044;95038;19017;0;40
r;61632535;95038;43729;3;40
r;60377709;95038;172435;18;40
r;59517832;95038;14936;5;40
r;52635645;95038;2578964;18;40
r;52632210;95038;214534;36;40
r;30942383;95038;73685;3;40
r;18483648;95038;588896;2;40
r;18483645;95038;588895;2;40
r;15370900;95038;16033;0;40
r;11973682;95038;63278;0;40
r;1290676;95038;73685;0;40
r;505292;95038;16033;3;40
r;82481055;95038;119200;6;39
r;79543289;95038;14936;0;39
r;12281369;95038;126009;0;38
r;475300513;95038;2949007;18;36
r;390172024;95038;14930313;333;36
r;390172005;95038;14917186;333;36
r;26424321;95038;223172;36;36
r;395554235;95038;14918582;333;35
r;364193164;95038;14304611;1;35
r;364193163;95038;54126;35;35
r;364193105;95038;14304606;1;35
r;364193102;95038;14936;35;35
r;15362642;95038;56865;0;35
r;1851461;95038;181833;5;35
r;518517;95038;56865;3;35
r;461828;95038;54956;3;35
r;419809712;95038;15261064;11;33
r;394535766;95038;14945387;333;33
r;394535764;95038;15047624;333;33
r;12281370;95038;67365;0;33
r;54313849;95038;64143;0;32
r;33801914;95038;14330;32;32
r;33801913;95038;91691;32;32
r;425870400;95038;16237872;333;31
r;425870397;95038;15744021;333;31
r;425870395;95038;15744022;333;31
r;78063210;95038;3228593;444;31
r;33147574;95038;103405;32;31
r;12281367;95038;107098;0;31
r;457360951;95038;17663;14;30
r;432951428;95038;15212400;14;30
r;431490030;95038;251172;14;30
r;419872581;95038;262265;14;30
r;413306174;95038;15066796;14;30
r;413306149;95038;15482872;14;30
r;413306143;95038;15482873;14;30
r;411587747;95038;203120;14;30
r;402033704;95038;14925797;14;30
r;402033689;95038;15071382;14;30
r;402033672;95038;14925224;14;30
r;364423877;95038;31618;13;30
r;364196070;95038;14304661;13;30
r;364196042;95038;14304669;13;30
r;256978386;95038;9967213;14;30
r;213746746;95038;7262873;14;30
r;92952163;95038;3724130;444;30
r;82013716;95038;5914;13;30
r;77299280;95038;13401;77;30
r;54317605;95038;5435;0;30
r;53732849;95038;64143;5;30
r;15081955;95038;153506;14;30
r;15020304;95038;145246;13;30
r;12365546;95038;186288;0;30
r;1290677;95038;145817;0;30
r;1290675;95038;132952;0;30
r;1290674;95038;12105;0;30
r;1290673;95038;155857;0;30
r;815664;95038;42663;0;30
r;815663;95038;89502;0;30
r;210690854;95038;6958597;5;29
r;105038783;95038;5046151;18;29
r;15676370;95038;58573;3;29
r;2387309;95038;254877;36;29
r;815672;95038;106862;0;29
r;815671;95038;74163;0;29
r;815670;95038;102902;0;29
r;395554232;95038;15463266;333;28
r;395554229;95038;14922691;333;28
r;311265383;95038;598134;0;28
r;211464188;95038;6958597;0;28
r;92952162;95038;3724129;444;28
r;90000163;95038;3575927;18;28
r;369888287;95038;276096;36;28
r;364423897;95038;160194;13;27
r;311265361;95038;1783501;0;27
r;311265360;95038;1783500;0;27
r;99410543;95038;1856873;0;27
r;59803319;95038;43447;0;27
r;12186727;95038;181833;0;27
r;12164702;95038;186288;5;27
r;815666;95038;14116;0;27
r;815665;95038;95915;0;27
r;418029251;95038;124771;0;26
r;418029248;95038;134536;0;26
r;390937313;95038;14917186;0;26
r;371745128;95038;14635397;11;26
r;371745117;95038;14635396;11;26
r;371745079;95038;14635393;11;26
r;368591066;95038;14530040;11;26
r;364367637;95038;51589;0;26
r;364193094;95038;217817;36;26
r;85735543;95038;2160318;79;26
r;815668;95038;128209;0;26
r;435624676;95038;15744022;0;25
r;435624674;95038;15744021;0;25
r;435624672;95038;16237872;0;25
r;418029252;95038;140318;0;25
r;418029247;95038;134536;3;25
r;418029246;95038;15991432;36;25
r;416081696;95038;14930313;0;25
r;415762075;95038;14955261;0;25
r;415762073;95038;7010755;0;25
r;415756253;95038;14930634;0;25
r;415756245;95038;15047624;0;25
r;415756243;95038;14945387;0;25
r;415409168;95038;14922691;0;25
r;415409166;95038;15463266;0;25
r;415409164;95038;14918582;0;25
r;391912047;95038;12566931;3;25
r;390937314;95038;14917186;5;25
r;390172011;95038;14916413;18;25
r;390033771;95038;14917186;72;25
r;390033770;95038;7332979;18;25
r;385244840;95038;6801604;3;25
r;376196831;95038;142787;16;25
r;376189753;95038;234396;16;25
r;376067761;95038;142787;31;25
r;364423872;95038;14624;42;25
r;364423871;95038;218020;42;25
r;364423870;95038;334188;42;25
r;364423847;95038;139785;41;25
r;364423846;95038;146274;15;25
r;364423845;95038;222862;15;25
r;364423844;95038;184166;15;25
r;364423843;95038;203420;15;25
r;364423842;95038;81928;15;25
r;364423823;95038;11125210;42;25
r;364423822;95038;1813398;41;25
r;364423818;95038;268774;41;25
r;364423817;95038;256989;42;25
r;364423815;95038;249868;42;25
r;364423813;95038;240128;42;25
r;364423807;95038;142982;41;25
r;364423798;95038;71654;42;25
r;364423796;95038;70406;41;25
r;364423795;95038;69538;41;25
r;364423790;95038;33645;42;25
r;364423789;95038;12655;42;25
r;364423784;95038;14304666;41;25
r;364423782;95038;142982;42;25
r;364423781;95038;14300618;41;25
r;364423741;95038;373450;28;25
r;364423739;95038;241325;15;25
r;364423731;95038;156055;15;25
r;364423727;95038;136559;28;25
r;364423725;95038;132300;28;25
r;364423723;95038;116599;15;25
r;364423721;95038;115073;15;25
r;364423719;95038;107233;15;25
r;364423714;95038;94262;15;25
r;364423710;95038;76169;28;25
r;364423708;95038;54126;15;25
r;364423706;95038;46543;42;25
r;364423703;95038;35035;15;25
r;364423701;95038;32667;28;25
r;364423695;95038;12078;15;25
r;364193334;95038;14304613;1;25
r;364193218;95038;14304612;1;25
r;364193212;95038;43729;35;25
r;364193095;95038;14304604;1;25
r;364096307;95038;143757;35;25
r;364096304;95038;51589;35;25
r;364096303;95038;49615;35;25
r;323939526;95038;9507;6;25
r;309935440;95038;1783501;5;25
r;309935438;95038;1783500;5;25
r;309731004;95038;598134;5;25
r;364423832;95038;113771;0;23
r;815669;95038;142400;0;23
r;364423900;95038;217714;13;22
r;364423893;95038;123761;13;22
r;364423889;95038;118790;13;22
r;364423886;95038;86573;13;22
r;364423882;95038;59151;13;22
r;364423869;95038;261311;13;22
r;364423868;95038;106042;13;22
r;364423867;95038;47417;13;22
r;364423866;95038;6070;13;22
r;364423824;95038;76248;13;22
r;364423821;95038;1649929;13;22
r;364423811;95038;227050;13;22
r;364423810;95038;159450;13;22
r;364423809;95038;155574;13;22
r;364423808;95038;145891;13;22
r;364423805;95038;126350;13;22
r;364423800;95038;81249;13;22
r;364423788;95038;11959;13;22
r;364423780;95038;261210;13;22
r;364423779;95038;54496;13;22
r;364423778;95038;153335;13;22
r;364423777;95038;218639;13;22
r;54932776;95038;82113;0;22
r;54932774;95038;146272;0;22
r;12281368;95038;128674;0;22
r;815667;95038;117650;0;22
r;79543556;95038;18995;0;21
r;71491583;95038;2434511;0;21
r;416504837;95038;15444355;5;20
r;416504809;95038;15663653;5;20
r;416504780;95038;15663654;5;20
r;416504758;95038;15663651;5;20
r;416504733;95038;15663652;5;20
r;416500022;95038;15687493;5;20
r;416500013;95038;15438079;5;20
r;416499984;95038;15221489;5;20
r;416486592;95038;2950673;5;20
r;416486567;95038;15703114;5;20
r;416469103;95038;15438076;5;20
r;416469081;95038;15438077;5;20
r;416469055;95038;49342;5;20
r;416435647;95038;1966019;5;20
r;416414613;95038;15703113;5;20
r;416406095;95038;196442;5;20
r;416405286;95038;15233460;5;20
r;364423827;95038;19796;0;19
r;364423814;95038;245419;0;16
r;364423760;95038;142787;0;16
r;364423755;95038;67906;5;16
r;364423754;95038;74163;5;16
r;364423906;95038;14300605;16;15
r;364423905;95038;14300603;16;15
r;364423904;95038;3404745;5;15
r;364423903;95038;250407;5;15
r;364423902;95038;242207;31;15
r;364423901;95038;238800;5;15
r;364423899;95038;214276;31;15
r;364423898;95038;214275;3;15
r;364423896;95038;152067;0;15
r;364423895;95038;143757;3;15
r;364423894;95038;140039;16;15
r;364423892;95038;122875;5;15
r;364423891;95038;121002;0;15
r;364423890;95038;119014;31;15
r;364423888;95038;108504;5;15
r;364423887;95038;108504;0;15
r;364423885;95038;69680;5;15
r;364423884;95038;69680;0;15
r;364423883;95038;68460;5;15
r;364423881;95038;57139;5;15
r;364423880;95038;57139;0;15
r;364423879;95038;45455;31;15
r;364423878;95038;36327;31;15
r;364423876;95038;16033;31;15
r;364423874;95038;145252;0;15
r;364423873;95038;227776;0;15
r;364423865;95038;238065;5;15
r;364423864;95038;80321;0;15
r;364423863;95038;3276293;0;15
r;364423862;95038;66069;0;15
r;364423861;95038;99567;0;15
r;364423860;95038;106042;0;15
r;364423859;95038;2342624;0;15
r;364423858;95038;92090;0;15
r;364423857;95038;145246;0;15
r;364423856;95038;130400;0;15
r;364423855;95038;78402;0;15
r;364423854;95038;334188;0;15
r;364423853;95038;51589;3;15
r;364423852;95038;14304689;0;15
r;364423851;95038;14304688;0;15
r;364423850;95038;14304686;0;15
r;364423849;95038;14304687;0;15
r;364423848;95038;5876072;0;15
r;364423841;95038;146274;0;15
r;364423840;95038;226029;0;15
r;364423839;95038;381071;0;15
r;364423838;95038;19499;0;15
r;364423836;95038;81928;0;15
r;364423835;95038;14304687;6;15
r;364423831;95038;104763;0;15
r;364423830;95038;3179158;0;15
r;364423829;95038;223267;0;15
r;364423828;95038;96920;0;15
r;364423826;95038;14304621;0;15
r;364423825;95038;47638;0;15
r;364423820;95038;322049;31;15
r;364423819;95038;321972;31;15
r;364423816;95038;252355;3;15
r;364423812;95038;230218;0;15
r;364423806;95038;131717;31;15
r;364423804;95038;121678;31;15
r;364423803;95038;106211;31;15
r;364423802;95038;95706;3;15
r;364423801;95038;87222;31;15
r;364423799;95038;79444;31;15
r;364423797;95038;71654;31;15
r;364423794;95038;67365;6;15
r;364423793;95038;55077;31;15
r;364423792;95038;51528;0;15
r;364423791;95038;50877;6;15
r;364423787;95038;4253;31;15
r;364423783;95038;14304666;0;15
r;364423776;95038;96312;3;15
r;364423775;95038;262275;3;15
r;364423774;95038;14300618;0;15
r;364423773;95038;106100;0;15
r;364423772;95038;2026;0;15
r;364423771;95038;52047;0;15
r;364423770;95038;81399;0;15
r;364423769;95038;216782;0;15
r;364423768;95038;100640;0;15
r;364423767;95038;240516;0;15
r;364423766;95038;218298;0;15
r;364423765;95038;56256;0;15
r;364423764;95038;267483;0;15
r;364423763;95038;73088;0;15
r;364423762;95038;102647;0;15
r;364423761;95038;219836;0;15
r;364423757;95038;15485;5;15
r;364423756;95038;20691;5;15
r;364423753;95038;1916647;5;15
r;364423752;95038;82106;0;15
r;364423751;95038;2305797;0;15
r;364423750;95038;15485;0;15
r;364423749;95038;67906;0;15
r;364423748;95038;1916647;0;15
r;364423747;95038;20691;0;15
r;364423746;95038;14304672;6;15
r;364423745;95038;14304672;5;15
r;364423744;95038;14304667;37;15
r;364423743;95038;3294075;9;15
r;364423742;95038;3294075;0;15
r;364423740;95038;373450;0;15
r;364423738;95038;241325;0;15
r;364423737;95038;240051;0;15
r;364423736;95038;233959;67;15
r;364423735;95038;233959;0;15
r;364423734;95038;213880;3;15
r;364423733;95038;213880;0;15
r;364423732;95038;183136;0;15
r;364423730;95038;156055;0;15
r;364423729;95038;143180;0;15
r;364423728;95038;142661;0;15
r;364423726;95038;136559;0;15
r;364423724;95038;132300;0;15
r;364423722;95038;116599;0;15
r;364423720;95038;115073;0;15
r;364423718;95038;107233;0;15
r;364423717;95038;100204;9;15
r;364423716;95038;100204;0;15
r;364423715;95038;97674;0;15
r;364423713;95038;94262;0;15
r;364423712;95038;85755;0;15
r;364423711;95038;81924;37;15
r;364423709;95038;76169;0;15
r;364423707;95038;53242;0;15
r;364423705;95038;46543;3;15
r;364423704;95038;46543;0;15
r;364423702;95038;35035;0;15
r;364423700;95038;32667;0;15
r;364423699;95038;31412;37;15
r;364423698;95038;29093;9;15
r;364423697;95038;29093;0;15
r;364423696;95038;26642;37;15
r;364423694;95038;12078;0;15
r;364423693;95038;8318;37;15
r;364367638;95038;143757;0;15
r;364367549;95038;54126;0;15
r;418029253;95038;41417;0;14
r;364423837;95038;132958;0;14
r;418029255;95038;152055;0;13
r;418029254;95038;199184;0;13
r;418029250;95038;2104220;0;13
r;418029249;95038;146683;0;13
r;9904860;95038;169483;6;13
r;364423785;95038;95706;0;11
r;473941244;95038;43125;3;10
r;473941243;95038;250407;0;10
r;473941242;95038;122875;0;10
r;473941241;95038;68460;0;10
r;473941240;95038;3404745;0;10
r;473941239;95038;238800;0;10
r;473941238;95038;238065;0;10
r;473941237;95038;14657041;15;10
r;473941236;95038;153397;15;10
r;473941235;95038;2604530;15;10
r;473941234;95038;153221;15;10
r;473941233;95038;137680;15;10
r;473941232;95038;15076323;15;10
r;473941231;95038;15088678;15;10
r;473941230;95038;14962485;15;10
r;473941229;95038;14962484;15;10
r;473941228;95038;15061080;15;10
r;473941227;95038;15198337;28;10
r;473941226;95038;15440304;0;10
r;473941225;95038;15215075;0;10
r;473941224;95038;15215075;5;10
r;473941223;95038;15440304;5;10
r;473941222;95038;2459035;42;10
r;473941221;95038;7291022;42;10
r;473941220;95038;14304672;0;10
r;368681081;95038;105868;777;10
r;368681077;95038;2474570;777;10
r;368681073;95038;10828013;777;10
r;368681070;95038;6087355;777;10
r;364423875;95038;214275;0;10
r;364423786;95038;252355;0;10
r;364423759;95038;96312;0;10
r;364423758;95038;262275;0;10
r;323871211;95038;93185;777;10
r;323871210;95038;12034240;777;10
r;323871207;95038;402557;777;10
r;323871206;95038;214733;777;10
r;323871203;95038;2140836;777;10
r;323871202;95038;406052;777;10
r;323871200;95038;32813;777;10
r;323871198;95038;107326;777;10
r;323871196;95038;288381;777;10
r;323871193;95038;11770502;777;10
r;323871191;95038;105453;777;10
r;323871189;95038;393521;777;10
r;323871187;95038;26686;777;10
r;323871185;95038;144829;777;10
r;323871183;95038;84330;777;10
r;323871181;95038;62202;777;10
r;323871179;95038;120673;777;10
r;323871177;95038;41407;777;10
r;323871175;95038;67681;777;10
r;323871172;95038;75051;777;10
r;323871171;95038;429671;777;10
r;323871168;95038;79993;777;10
r;323871167;95038;172944;777;10
r;22652966;95038;31388;777;10
r;22652965;95038;111751;777;10
r;22652964;95038;155456;777;10
r;22652963;95038;51589;777;10
r;22652962;95038;153252;777;10
r;4249639;95038;248322;777;10
r;4249638;95038;230846;777;10
r;4249637;95038;53578;777;10
r;4249636;95038;22710;777;10
r;4249635;95038;6790;777;10
r;4249634;95038;155553;777;10
r;4249633;95038;143431;777;10
r;4249632;95038;61921;777;10
r;4249631;95038;32403;777;10
r;4249630;95038;66422;777;10
r;4249629;95038;77735;777;10
r;4249628;95038;84412;777;10
r;4249627;95038;267377;777;10
r;4249626;95038;67115;777;10
r;4249625;95038;189524;777;10
r;4249624;95038;96963;777;10
r;4249623;95038;65820;777;10
r;4249622;95038;275279;777;10
r;4249621;95038;89142;777;10
r;4249620;95038;167532;777;10
r;4249619;95038;128602;777;10
r;4249618;95038;96256;777;10
r;4249617;95038;116350;777;10
r;4249616;95038;176827;777;10
r;4249615;95038;36716;777;10
r;4249614;95038;160313;777;10
r;4249613;95038;7595;777;10
r;4249612;95038;36275;777;10
r;4249611;95038;27879;777;10
r;4249610;95038;245294;777;10
r;4249609;95038;64408;777;10
r;4249608;95038;125760;777;10
r;4249607;95038;99274;777;10
r;4249606;95038;167771;777;10
r;4249605;95038;213140;777;10
r;4249604;95038;19034;777;10
r;4249603;95038;63580;777;10
r;4249602;95038;248729;777;10
r;4249601;95038;7401;777;10
r;4249600;95038;83989;777;10
r;4249599;95038;146491;777;10
r;4249598;95038;88095;777;10
r;4249597;95038;142913;777;10
r;4249596;95038;138334;777;10
r;4249595;95038;85111;777;10
r;4249594;95038;21130;777;10
r;4249593;95038;87987;777;10
r;4249592;95038;19183;777;10
r;27449473;95038;254878;36;7
r;478444480;95038;10118485;15;5
r;429381684;95038;15233460;0;5
r;429381195;95038;196442;0;5
r;429375717;95038;15703113;0;5
r;429363218;95038;1966019;0;5
r;429340925;95038;49342;0;5
r;429340907;95038;15438077;0;5
r;429340889;95038;15438076;0;5
r;429329532;95038;15703114;0;5
r;429329516;95038;2950673;0;5
r;429320043;95038;15221489;0;5
r;429320034;95038;15687493;0;5
r;429320028;95038;15438079;0;5
r;429316608;95038;15663652;0;5
r;429316595;95038;15663651;0;5
r;429316591;95038;15663654;0;5
r;429316589;95038;15663653;0;5
r;429316588;95038;15444355;0;5
r;328353219;95038;9507;0;5
r;94621862;95038;4272401;444;1
r;94556782;95038;4200312;444;1
r;94523946;95038;4163857;444;1
r;94458879;95038;4091965;444;1
r;94426351;95038;4055907;444;1
r;94361659;95038;3983758;444;1
r;94321018;95038;3938281;444;1
r;94300016;95038;3914598;444;1
r;94279062;95038;3891199;444;1
r;94277216;95038;3889112;444;1
r;94264331;95038;3874637;444;1
r;94199339;95038;3801863;444;1
r;33486910;95038;37298;32;-5
r;33486909;95038;57221;32;-5
r;85359110;95038;268608;5;-9
r;11593025;329021;95038;6;250
r;11592359;328985;95038;6;250
r;91508622;56001;95038;0;177
r;55055110;82113;95038;0;171
r;210600088;6958597;95038;0;167
r;9477401;197989;95038;0;147
r;9457234;185848;95038;0;146
r;63821;107098;95038;5;142
r;53588708;42663;95038;5;137
r;404428846;15687493;95038;0;130
r;404428183;15221489;95038;0;130
r;404427700;1966019;95038;0;130
r;396460887;15438079;95038;0;130
r;210600123;6958597;95038;5;126
r;404429068;15687493;95038;5;125
r;404428184;15221489;95038;5;125
r;404427701;1966019;95038;5;125
r;396460888;15438079;95038;5;125
r;404429648;15438077;95038;5;120
r;404429647;15438077;95038;0;120
r;404429330;15438076;95038;5;120
r;404429329;15438076;95038;0;120
r;396460480;49342;95038;5;120
r;396460479;49342;95038;0;120
r;54932777;82113;95038;5;114
r;12701596;350421;95038;0;109
r;642333;67365;95038;5;109
r;11860002;124899;95038;0;102
r;402920664;15663652;95038;5;100
r;402920663;15663652;95038;0;100
r;402920344;15663651;95038;5;100
r;402920343;15663651;95038;0;100
r;402314158;15444355;95038;0;100
r;402314137;15444355;95038;5;100
r;402313829;15663654;95038;0;100
r;402313808;15663654;95038;5;100
r;402313508;15663653;95038;0;100
r;402313487;15663653;95038;5;100
r;11593031;329021;95038;0;100
r;11592375;328985;95038;0;100
r;2502704;142787;95038;26;100
r;54593527;95915;95038;5;97
r;729434;128674;95038;5;95
r;54619623;14116;95038;5;94
r;87479699;13401;95038;0;93
r;642339;126009;95038;5;90
r;54750108;19017;95038;5;89
r;63296051;2434511;95038;5;84
r;54978451;102902;95038;5;76
r;87479704;147138;95038;0;68
r;53627718;5435;95038;5;68
r;54725021;14936;95038;5;66
r;396297576;6948173;95038;0;65
r;53624118;89502;95038;5;65
r;32536642;140039;95038;19;62
r;371339099;11010532;95038;0;61
r;278795439;233948;95038;0;61
r;55158103;43447;95038;5;61
r;54737977;18995;95038;5;61
r;15071372;56608;95038;26;61
r;175080;58573;95038;0;61
r;108762;54956;95038;0;61
r;406727684;15703113;95038;5;60
r;406727647;15703113;95038;0;60
r;405306420;15703114;95038;5;60
r;405306383;15703114;95038;0;60
r;396297923;15310224;95038;0;60
r;82007536;5914;95038;0;60
r;53617973;23919;95038;5;60
r;32721196;2160342;95038;19;60
r;32721149;2160336;95038;19;60
r;32721048;2160355;95038;19;60
r;14349541;415109;95038;19;60
r;1809109;54403;95038;22;60
r;1653559;222031;95038;0;60
r;291427;95038;95038;19;60
r;291416;13401;95038;19;60
r;244192;142787;95038;30;60
r;32721144;2160335;95038;19;59
r;32721129;2160333;95038;19;59
r;32721022;2160322;95038;19;59
r;32721013;2160320;95038;19;59
r;32720952;2160315;95038;19;59
r;32577178;2160344;95038;19;59
r;8898056;186288;95038;5;59
r;1059838;63278;95038;40;59
r;32721157;2160357;95038;19;58
r;32721174;2160339;95038;19;57
r;32721117;2160331;95038;19;57
r;32577180;2160348;95038;19;57
r;31151799;1924343;95038;19;57
r;30947837;73685;95038;27;57
r;21163711;73685;95038;0;57
r;32720961;2160316;95038;19;56
r;391247960;12566931;95038;0;55
r;391242891;12566931;95038;27;55
r;82004890;5914;95038;24;55
r;53618050;64143;95038;5;55
r;33096638;2314633;95038;19;55
r;32721189;2160341;95038;19;55
r;32721038;2160324;95038;19;55
r;32721019;2160321;95038;19;55
r;32577187;2160351;95038;19;55
r;394522830;7010755;95038;333;54
r;394522828;14955261;95038;333;54
r;55039193;2594513;95038;0;54
r;32721179;2160340;95038;19;54
r;32721114;2160330;95038;19;54
r;32721031;2160323;95038;19;54
r;32720981;2160354;95038;19;54
r;32577182;2160349;95038;19;54
r;291420;54403;95038;19;54
r;52475066;2502934;95038;0;53
r;32721123;2160332;95038;19;53
r;32720990;2160318;95038;19;53
r;32720933;2160313;95038;19;53
r;394535750;14930634;95038;333;52
r;32721162;2160337;95038;19;52
r;32721136;2160334;95038;19;52
r;32721057;2160356;95038;19;52
r;30187839;1819070;95038;19;52
r;291429;147138;95038;19;52
r;421526223;25371;95038;0;51
r;371339242;265846;95038;0;51
r;371339137;11010531;95038;0;51
r;371167431;14602661;95038;0;51
r;369812093;14530541;95038;0;51
r;361874825;13838;95038;0;51
r;32721170;2160338;95038;19;51
r;32720944;2160314;95038;19;51
r;32720924;2160309;95038;19;51
r;2918847;142787;95038;25;51
r;472224378;13629750;95038;0;50
r;442282937;8053009;95038;0;50
r;432821574;15431075;95038;0;50
r;432821546;204875;95038;0;50
r;429780394;15431074;95038;0;50
r;421576639;10002319;95038;0;50
r;421553433;10055352;95038;0;50
r;421542328;262483;95038;0;50
r;421516999;204884;95038;0;50
r;414326757;14726579;95038;0;50
r;414326676;14726758;95038;0;50
r;414326610;14726775;95038;0;50
r;414326566;14726567;95038;0;50
r;414326539;14726566;95038;0;50
r;414326505;14726753;95038;0;50
r;414326478;14726578;95038;0;50
r;414326461;14726452;95038;0;50
r;414326452;14726451;95038;0;50
r;382465170;14537240;95038;0;50
r;374412415;14726769;95038;0;50
r;2489512;145246;95038;24;50
r;278796351;11010580;95038;0;49
r;87248323;13401;95038;161;49
r;87248336;415109;95038;161;45
r;87248319;54403;95038;161;45
r;54932775;146272;95038;5;45
r;12186728;181833;95038;5;45
r;87248332;1819070;95038;161;42
r;278795961;11010535;95038;0;41
r;87708156;2160338;95038;0;41
r;913350;128209;95038;0;41
r;423699714;16165243;95038;0;40
r;404639241;196442;95038;5;40
r;404639240;196442;95038;0;40
r;419740924;16042446;95038;0;38
r;1466505;181833;95038;0;38
r;390172026;14930313;95038;333;36
r;390172007;14917186;95038;333;36
r;423700094;16165243;95038;6;35
r;395554236;14918582;95038;333;35
r;87708163;2160341;95038;0;35
r;87499484;1819070;95038;0;35
r;21146366;12105;95038;0;35
r;87708146;2160335;95038;0;34
r;87708104;2160321;95038;0;34
r;87708084;2160316;95038;0;34
r;87708074;2160313;95038;0;34
r;87645952;140039;95038;0;34
r;21152342;155857;95038;0;34
r;15295199;56865;95038;0;34
r;1022648;95915;95038;0;34
r;974884;89502;95038;0;34
r;394535767;14945387;95038;333;33
r;394535765;15047624;95038;333;33
r;309425011;1783501;95038;5;33
r;309425010;1783500;95038;5;33
r;309357981;598134;95038;5;33
r;87708108;2160323;95038;0;32
r;87708095;2160318;95038;0;32
r;87494185;415109;95038;0;32
r;11973683;63278;95038;0;32
r;425870401;16237872;95038;333;31
r;425870398;15744021;95038;333;31
r;425870396;15744022;95038;333;31
r;403950448;203120;95038;26;31
r;87708153;2160337;95038;0;31
r;87708135;2160330;95038;0;31
r;87708072;2160309;95038;0;31
r;21114401;132952;95038;0;31
r;430951774;15212400;95038;26;30
r;430612836;17663;95038;26;30
r;414634742;251172;95038;26;30
r;412765825;15482873;95038;26;30
r;412765688;15482872;95038;26;30
r;412765559;15066796;95038;26;30
r;407126349;2950673;95038;5;30
r;407126312;2950673;95038;0;30
r;369326638;262265;95038;26;30
r;364423653;160194;95038;24;30
r;364423560;31618;95038;24;30
r;364195866;14304669;95038;24;30
r;364195430;14304661;95038;24;30
r;401050026;14925224;95038;26;30
r;401050302;14925797;95038;26;30
r;401050404;15071382;95038;26;30
r;232556771;9967213;95038;26;30
r;212469829;7262873;95038;26;30
r;212422167;6801604;95038;0;30
r;87708166;2160342;95038;0;30
r;87708143;2160334;95038;0;30
r;87708140;2160333;95038;0;30
r;87654889;2160348;95038;0;30
r;87654888;2160344;95038;0;30
r;87479701;54403;95038;0;30
r;15071375;112587;95038;26;30
r;15071374;2026;95038;26;30
r;15071373;37993;95038;26;30
r;15070620;54770;95038;26;30
r;13448886;1066;95038;0;30
r;2515910;153506;95038;26;30
r;309935439;1783501;95038;0;29
r;212421753;6801604;95038;27;29
r;87708148;2160336;95038;0;29
r;87708115;2160355;95038;0;29
r;87708103;2160320;95038;0;29
r;99410542;1856873;95038;0;29
r;12164701;186288;95038;0;29
r;792772;14116;95038;0;29
r;428981941;229276;95038;0;28
r;395554233;15463266;95038;333;28
r;395554230;14922691;95038;333;28
r;390937315;14917186;95038;0;28
r;87837007;2314633;95038;0;28
r;87708160;2160340;95038;0;28
r;87708136;2160331;95038;0;28
r;87708078;2160314;95038;0;28
r;79195108;146272;95038;0;28
r;63296052;2434511;95038;0;28
r;12278526;126009;95038;0;28
r;87708138;2160332;95038;0;27
r;87708118;2160356;95038;0;27
r;87708092;2160354;95038;0;27
r;87708081;2160315;95038;0;27
r;87654891;2160351;95038;0;27
r;87499758;1924343;95038;0;27
r;59243781;43447;95038;0;27
r;15200038;54956;95038;27;27
r;15174358;16033;95038;27;27
r;12213585;128674;95038;0;27
r;783908;42663;95038;0;27
r;87708158;2160339;95038;0;26
r;87708151;2160357;95038;0;26
r;87708112;2160324;95038;0;26
r;87708106;2160322;95038;0;26
r;87654890;2160349;95038;0;26
r;53732986;23919;95038;0;26
r;53732848;64143;95038;0;26
r;21159923;145817;95038;0;26
r;2175835;89499;95038;0;26
r;1022656;117650;95038;0;26
r;478821504;373450;95038;15;25
r;478821503;136559;95038;15;25
r;478821502;132300;95038;15;25
r;478821501;76169;95038;15;25
r;478821500;32667;95038;15;25
r;478820506;241325;95038;28;25
r;478820505;156055;95038;28;25
r;478820504;116599;95038;28;25
r;478820503;115073;95038;28;25
r;478820502;107233;95038;28;25
r;478820501;94262;95038;28;25
r;478820500;54126;95038;28;25
r;478820499;35035;95038;28;25
r;478820498;12078;95038;28;25
r;478820497;146274;95038;28;25
r;478820496;222862;95038;28;25
r;478820495;184166;95038;28;25
r;478820494;203420;95038;28;25
r;478820493;81928;95038;28;25
r;478801824;70406;95038;42;25
r;478801823;69538;95038;42;25
r;478801822;14304666;95038;42;25
r;478801821;14300618;95038;42;25
r;478801820;139785;95038;42;25
r;478801819;1813398;95038;42;25
r;478801818;268774;95038;42;25
r;478801817;142982;95038;42;25
r;478801148;33645;95038;41;25
r;478801147;12655;95038;41;25
r;478801146;142982;95038;41;25
r;478801145;46543;95038;41;25
r;478801144;14624;95038;41;25
r;478801143;11125210;95038;41;25
r;478801142;256989;95038;41;25
r;478801141;249868;95038;41;25
r;478801140;240128;95038;41;25
r;478801139;71654;95038;41;25
r;478801138;218020;95038;41;25
r;478801137;334188;95038;41;25
r;475857980;2160342;95038;170;25
r;435624675;15744022;95038;0;25
r;435624673;15744021;95038;0;25
r;435624671;16237872;95038;0;25
r;416081695;14930313;95038;0;25
r;415762074;14955261;95038;0;25
r;415762072;7010755;95038;0;25
r;415756252;14930634;95038;0;25
r;415756244;15047624;95038;0;25
r;415756242;14945387;95038;0;25
r;415409167;14922691;95038;0;25
r;415409165;15463266;95038;0;25
r;415409163;14918582;95038;0;25
r;410141484;15233460;95038;5;25
r;390937316;14917186;95038;5;25
r;390033772;14917186;95038;72;25
r;386288836;14304613;95038;2000;25
r;386288835;14304612;95038;2000;25
r;386288834;14304611;95038;2000;25
r;386288833;14304609;95038;2000;25
r;386288832;14304606;95038;2000;25
r;386288831;14304605;95038;2000;25
r;386288830;14304604;95038;2000;25
r;386288829;14304603;95038;2000;25
r;385292941;103405;95038;115;25
r;364096309;234393;95038;0;25
r;364095320;234396;95038;99;25
r;364095314;234396;95038;25;25
r;364095302;234396;95038;0;25
r;364079317;14297679;95038;0;25
r;364079316;14297679;95038;19;25
r;364053566;14293582;95038;0;25
r;364053565;14293582;95038;19;25
r;364011136;14288218;95038;0;25
r;364011135;14288218;95038;19;25
r;309731003;598134;95038;0;25
r;309935437;1783500;95038;0;24
r;59517831;14936;95038;0;24
r;53723602;5435;95038;0;24
r;15304342;16033;95038;0;24
r;12278532;67365;95038;0;24
r;998217;142400;95038;0;24
r;15542167;58573;95038;27;23
r;759543;74163;95038;0;23
r;371745080;14635393;95038;0;22
r;368591067;14530040;95038;0;22
r;59513613;18995;95038;0;22
r;1028765;102902;95038;0;22
r;803955;106862;95038;0;22
r;423898963;212531;95038;0;21
r;54934445;19017;95038;0;21
r;15163828;56865;95038;27;21
r;12326292;107098;95038;0;21
r;467692381;15744029;95038;0;20
r;431320184;15662150;95038;0;20
r;430822796;15443369;95038;5;20
r;430822771;15443369;95038;0;20
r;430822439;1966021;95038;5;20
r;430822414;1966021;95038;0;20
r;430822086;16032389;95038;5;20
r;430822061;16032389;95038;0;20
r;428220754;15205612;95038;27;20
r;428220753;15205612;95038;0;20
r;410141421;15233460;95038;0;20
r;478797696;153335;95038;24;19
r;478797699;11959;95038;24;18
r;478797698;261210;95038;24;18
r;478797697;54496;95038;24;18
r;478797695;218639;95038;24;18
r;478797694;47417;95038;24;18
r;478797693;6070;95038;24;18
r;478797692;76248;95038;24;18
r;478797691;1649929;95038;24;18
r;478797690;227050;95038;24;18
r;478797689;159450;95038;24;18
r;478797688;155574;95038;24;18
r;478797687;145891;95038;24;18
r;478797686;126350;95038;24;18
r;478797685;81249;95038;24;18
r;478797684;217714;95038;24;18
r;478797683;123761;95038;24;18
r;478797682;118790;95038;24;18
r;478797681;86573;95038;24;18
r;478797680;59151;95038;24;18
r;478797679;261311;95038;24;18
r;478797678;106042;95038;24;18
r;61639356;43729;95038;0;18
r;61639355;43729;95038;27;18
r;473207983;15424714;95038;0;16
r;430110974;17023;95038;0;15
r;118545104;5996111;95038;0;14
r;9904859;169483;95038;0;13
r;62131313;49615;95038;0;12
r;417905436;141705;95038;0;11
r;417841037;11105;95038;0;11
r;417837347;96256;95038;0;11
r;62131312;49615;95038;27;11
r;480573491;287908;95038;777;10
r;480573490;5813839;95038;777;10
r;480573489;10778927;95038;777;10
r;480573488;17625128;95038;777;10
r;474006881;140039;95038;99;10
r;474006875;140039;95038;25;10
r;473830887;17213736;95038;0;10
r;473830865;15240877;95038;0;10
r;473830854;15563599;95038;0;10
r;473830759;15625891;95038;0;10
r;473602245;25282;95038;0;10
r;468152088;14955962;95038;26;10
r;450615137;16491539;95038;777;10
r;450615136;404322;95038;777;10
r;445867759;7123482;95038;27;10
r;445867132;7123482;95038;0;10
r;427257458;33440;95038;777;10
r;426517883;15431672;95038;0;10
r;418073165;6405;95038;0;10
r;405815196;15219975;95038;5;10
r;405815195;15219975;95038;0;10
r;405181866;57836;95038;5;10
r;405181865;57836;95038;0;10
r;395384830;51785;95038;0;10
r;395384809;51785;95038;5;10
r;366407367;14428065;95038;777;10
r;366407366;14428064;95038;777;10
r;366407365;152023;95038;777;10
r;366407364;6082876;95038;777;10
r;366407064;10503105;95038;777;10
r;365402450;10553549;95038;777;10
r;359139742;20346;95038;777;10
r;359139740;11554078;95038;777;10
r;345961964;6065388;95038;777;10
r;323871241;12646287;95038;777;10
r;306031087;592745;95038;777;10
r;306031086;283581;95038;777;10
r;305762970;10503104;95038;777;10
r;300521203;6065584;95038;777;10
r;291092021;11355773;95038;777;10
r;285864554;6087356;95038;777;10
r;285864553;6087355;95038;777;10
r;283266157;3934610;95038;777;10
r;280468322;11064805;95038;777;10
r;273677529;10905311;95038;777;10
r;271779250;10849198;95038;777;10
r;271508319;10844109;95038;777;10
r;268869708;10746239;95038;777;10
r;268869625;10746236;95038;777;10
r;268869620;273388;95038;777;10
r;268869623;4337327;95038;777;10
r;268869621;273389;95038;777;10
r;235329267;10137452;95038;777;10
r;228353519;155070;95038;777;10
r;222298129;9993044;95038;777;10
r;222298127;9993043;95038;777;10
r;116013096;5942137;95038;777;10
r;21598723;386422;95038;777;10
r;7175366;75051;95038;777;10
r;7029378;59238;95038;777;10
r;7029377;115263;95038;777;10
r;3728106;179778;95038;777;10
r;3728105;274242;95038;777;10
r;3728104;274241;95038;777;10
r;419809713;15261064;95038;0;9
r;85359109;268608;95038;0;9
r;3728107;232177;95038;777;9
r;8856770;113771;95038;0;5
r;8327430;120212;95038;26;5
r;34570672;14330;95038;115;3
r;34570671;91691;95038;115;3
r;34570668;28453;95038;115;3
r;422717693;118776;95038;0;2
r;422479931;1603;95038;0;2
r;371745129;14635397;95038;0;2
r;371745118;14635396;95038;0;2
r;82229870;1066;95038;5;2
r;476892403;427561;95038;0;2
r;451033440;143540;95038;0;1
r;439782406;2537644;95038;0;1
r;439028949;2609050;95038;0;1
r;428810205;144421;95038;0;1
r;428697652;129114;95038;0;1
r;428495268;122139;95038;0;1
r;427945033;105393;95038;0;1
r;426743446;64954;95038;0;1
r;423904165;34506;95038;0;1
r;423892615;33156;95038;0;1
r;423873360;30773;95038;0;1
r;421488853;146504;95038;0;1
r;412212225;213827;95038;37;1
r;34570675;102345;95038;115;1
r;8556253;139513;95038;25;-10
r;85328038;268608;95038;5;-29
