r;23931625;74657;239128;0;1000000
r;73957331;74657;2983124;555;5412
r;3164679;74657;222644;106;628
r;1557698;74657;215024;1;467
r;26070723;74657;241794;36;396
r;1960279;74657;220337;6;364
r;154713;74657;140176;0;335
r;2483207;74657;222842;6;317
r;13605805;74657;229304;6;257
r;198346;74657;136786;0;230
r;1364379;74657;140176;6;200
r;2023290;74657;223173;36;195
r;1897911;74657;74860;6;185
r;10764152;74657;40733;6;177
r;9770474;74657;222842;0;174
r;11420955;74657;283634;6;174
r;13513632;74657;265837;6;173
r;13925857;74657;326373;6;173
r;13261340;74657;68439;6;172
r;3021701;74657;24956;6;170
r;1897913;74657;49293;6;169
r;3023931;74657;244620;6;168
r;597414;74657;146033;5;167
r;9902733;74657;10078;6;167
r;11425055;74657;110773;6;167
r;11429533;74657;91794;6;164
r;1556335;74657;183685;11;164
r;1890401;74657;179717;11;164
r;8658402;74657;194242;11;164
r;8658405;74657;194243;11;164
r;8658407;74657;194244;11;164
r;8658409;74657;194245;11;164
r;8658410;74657;194246;11;164
r;8658411;74657;194247;11;164
r;8658412;74657;194248;11;164
r;8658413;74657;194249;11;164
r;8658415;74657;194250;11;164
r;8658417;74657;194251;11;164
r;8658418;74657;194252;11;164
r;8658420;74657;194253;11;164
r;8658422;74657;194254;11;164
r;8658424;74657;194255;11;164
r;8658425;74657;194256;11;164
r;8658427;74657;194257;11;164
r;8658429;74657;194258;11;164
r;8658430;74657;194259;11;164
r;8658432;74657;194260;11;164
r;8658434;74657;194261;11;164
r;8637282;74657;180818;11;163
r;8677339;74657;205700;11;163
r;8758647;74657;290736;11;163
r;8610767;74657;118348;11;162
r;8694040;74657;222884;11;161
r;11433708;74657;101018;6;158
r;2897351;74657;86640;6;156
r;10768556;74657;264881;6;155
r;10863652;74657;265277;6;155
r;8838557;74657;282820;11;155
r;8838568;74657;307359;11;155
r;8838569;74657;307360;11;155
r;597417;74657;106869;5;154
r;10786020;74657;317929;6;153
r;2915664;74657;248081;6;152
r;10923373;74657;142602;6;152
r;12047045;74657;330964;6;150
r;11255518;74657;265220;6;144
r;10751618;74657;115304;6;141
r;10756904;74657;264880;6;139
r;2083328;74657;17559;6;136
r;10780749;74657;264908;6;136
r;2133759;74657;233133;6;134
r;2229755;74657;220337;0;131
r;9613097;74657;55823;6;127
r;367039207;74657;148362;0;125
r;367039208;74657;15210;0;125
r;11120854;74657;325741;6;125
r;54744909;74657;54157;5;121
r;11864244;74657;96209;11;121
r;11870000;74657;56446;11;121
r;11876617;74657;10845;11;121
r;11130325;74657;325738;6;117
r;1771870;74657;136786;15;117
r;597416;74657;114288;5;115
r;2099314;74657;116477;6;114
r;597413;74657;18562;5;113
r;14415937;74657;329657;6;113
r;198345;74657;10078;0;111
r;11137028;74657;325736;6;110
r;12620679;74657;370442;11;110
r;12620691;74657;370439;11;110
r;12620615;74657;370457;11;109
r;12620637;74657;370452;11;109
r;12620645;74657;370450;11;109
r;12620671;74657;370444;11;109
r;22309282;74657;1198611;128;109
r;597415;74657;120733;5;108
r;12620651;74657;370449;11;108
r;12620699;74657;370437;11;108
r;12722889;74657;345393;11;108
r;1897912;74657;83368;5;107
r;11143646;74657;325731;6;107
r;12620641;74657;370451;11;107
r;12566241;74657;383825;11;106
r;12620633;74657;370453;11;106
r;12620659;74657;370447;11;106
r;12620683;74657;370441;11;106
r;11150267;74657;325728;6;105
r;12620619;74657;370456;11;105
r;12620663;74657;370446;11;105
r;12620675;74657;370443;11;105
r;323697;74657;74657;19;105
r;22309270;74657;1198608;128;105
r;53825196;74657;30084;5;104
r;12620611;74657;370458;11;104
r;12620655;74657;370448;11;104
r;12620667;74657;370445;11;104
r;12620695;74657;370438;11;103
r;22309262;74657;1198606;128;103
r;22309266;74657;1198607;128;103
r;22309274;74657;1198609;128;103
r;22309278;74657;1198610;128;103
r;12620687;74657;370440;11;102
r;12620623;74657;370455;11;101
r;12620629;74657;370454;11;101
r;24979721;74657;140176;35;101
r;22309242;74657;1198601;128;101
r;365257722;74657;14380871;66;100
r;365257719;74657;14380874;66;100
r;367359321;74657;14465542;66;100
r;367359318;74657;14465545;66;100
r;370392511;74657;14573353;66;100
r;370392514;74657;14573350;66;100
r;425328250;74657;16168821;66;100
r;10928808;74657;54794;6;99
r;22309238;74657;1198600;128;99
r;54744911;74657;61801;5;95
r;24979719;74657;83368;35;95
r;2066892;74657;43853;0;93
r;2229769;74657;230938;15;93
r;22309230;74657;1198598;128;93
r;1557688;74657;215023;1;92
r;22309234;74657;1198599;128;91
r;2066890;74657;120733;0;90
r;1367805;74657;171870;4;90
r;11802215;74657;73827;24;89
r;22309226;74657;1198597;128;89
r;53778280;74657;145790;5;87
r;1890404;74657;112137;15;87
r;22309222;74657;1198596;128;87
r;54707670;74657;98382;5;85
r;54744912;74657;29505;5;85
r;437902695;74657;16605914;66;85
r;437902696;74657;16605913;66;85
r;22309218;74657;1198595;128;85
r;437574426;74657;16595343;66;84
r;437574429;74657;16595340;66;84
r;53778365;74657;15303;5;82
r;2101952;74657;225916;6;82
r;54744908;74657;17977;5;81
r;13514390;74657;65081;6;81
r;22309214;74657;1198594;128;81
r;2066891;74657;1650;0;80
r;22309210;74657;1198593;128;79
r;96701779;74657;10246;24;77
r;22309206;74657;1198592;128;77
r;22309627;74657;1198688;128;77
r;11165156;74657;325728;0;76
r;11272153;74657;265220;0;76
r;8915372;74657;234036;6;76
r;22309202;74657;1198591;128;75
r;11178398;74657;325731;0;74
r;2863983;74657;213857;24;74
r;437851759;74657;16605894;24;74
r;437851822;74657;16605918;24;74
r;2066893;74657;148105;0;73
r;1890405;74657;123492;15;73
r;22309198;74657;1198590;128;73
r;11439725;74657;101018;0;72
r;24544806;74657;1483990;6;72
r;11191637;74657;325736;0;71
r;11447947;74657;91794;0;71
r;437387775;74657;16595341;24;71
r;370385;74657;83368;0;70
r;2199025;74657;37571;0;70
r;9888514;74657;55823;0;70
r;13979835;74657;260820;6;70
r;11205037;74657;325738;0;69
r;11456147;74657;110773;0;69
r;2229770;74657;20564;15;69
r;22309286;74657;1198612;128;69
r;22309290;74657;1198613;128;69
r;11464335;74657;283634;0;68
r;11223533;74657;325741;0;67
r;434920372;74657;48501;5;67
r;13603278;74657;225847;6;67
r;72972521;74657;103405;32;67
r;22309186;74657;1198587;128;67
r;22309190;74657;1198588;128;67
r;22309194;74657;1198589;128;67
r;2483209;74657;194243;0;66
r;10799720;74657;317929;0;66
r;10810262;74657;264908;0;66
r;10917556;74657;265277;0;66
r;10944322;74657;54794;0;66
r;10955052;74657;142602;0;66
r;14028248;74657;237445;6;66
r;9872788;74657;234036;0;65
r;22309178;74657;1198585;128;65
r;114053395;74657;5847440;128;65
r;10823170;74657;264881;0;64
r;10831976;74657;40733;0;64
r;10846472;74657;264880;0;64
r;2066894;74657;124919;0;63
r;10857044;74657;115304;0;62
r;2088123;74657;71624;6;62
r;370368819;74657;53223;24;62
r;370368834;74657;14573351;24;62
r;2229761;74657;92955;0;61
r;9704103;74657;17559;0;61
r;365211930;74657;126612;24;61
r;365211947;74657;14380872;24;61
r;367039259;74657;37229;24;61
r;367039276;74657;14465543;24;61
r;27090390;74657;254877;36;61
r;22309174;74657;1198584;128;61
r;22309182;74657;1198586;128;61
r;154712;74657;145790;0;60
r;156622;74657;106869;0;60
r;156624;74657;122409;0;60
r;13804212;74657;370438;0;60
r;13804213;74657;394858;0;60
r;13804219;74657;370455;0;60
r;179843;74657;17559;10;60
r;29371762;74657;1791168;11;60
r;102361734;74657;4901603;11;60
r;2052964;74657;223172;36;60
r;9830131;74657;24956;0;59
r;9834584;74657;244620;0;59
r;10880751;74657;194249;0;59
r;13804214;74657;394859;0;59
r;44070;74657;146885;4;59
r;185379;74657;36886;10;59
r;13786784;74657;394862;11;59
r;13786787;74657;394861;11;59
r;13786797;74657;394857;11;59
r;52491194;74657;2560561;11;59
r;102413580;74657;4903302;11;59
r;442651975;74657;16605946;66;59
r;417151079;74657;15990905;128;59
r;2229753;74657;194252;0;58
r;2483210;74657;194255;0;58
r;12473664;74657;179717;0;58
r;13804211;74657;394857;0;58
r;102358647;74657;4901602;11;58
r;102359658;74657;4901598;11;58
r;102361525;74657;4901600;11;58
r;103098609;74657;4904133;11;58
r;2647140;74657;43601;24;58
r;2229754;74657;194257;0;57
r;13804220;74657;394862;0;57
r;2540156;74657;215896;9;57
r;13786781;74657;394863;11;57
r;102415366;74657;4903304;11;57
r;1890402;74657;34148;15;57
r;14805299;74657;110231;17;57
r;22309162;74657;1198581;128;57
r;9803567;74657;86640;0;56
r;9811568;74657;248081;0;56
r;13804221;74657;370456;0;56
r;13786794;74657;394858;11;56
r;102358234;74657;4901596;11;56
r;102358906;74657;4901597;11;56
r;102358754;74657;4901595;11;56
r;54744907;74657;2585996;36;56
r;198347;74657;79580;0;55
r;198348;74657;82003;0;55
r;2229760;74657;92226;0;55
r;13804216;74657;370443;0;55
r;13804217;74657;394861;0;55
r;13804222;74657;370447;0;55
r;14004396;74657;282820;0;55
r;13786793;74657;394859;11;55
r;52452702;74657;2550071;11;55
r;52460278;74657;2534550;11;55
r;102415145;74657;4903303;11;55
r;97126589;74657;151440;24;55
r;13804223;74657;394863;0;54
r;2543979;74657;233008;9;54
r;2610194;74657;43853;9;54
r;97126584;74657;83368;17;54
r;97126592;74657;164508;24;54
r;188572;74657;73827;0;53
r;9723424;74657;116477;0;53
r;9728635;74657;225916;0;53
r;9736949;74657;233133;0;53
r;13804218;74657;370444;0;53
r;27772986;74657;215018;5;53
r;13786790;74657;394860;11;53
r;1890403;74657;52255;15;53
r;1943405;74657;29786;15;53
r;1943406;74657;92226;15;53
r;2229768;74657;13943;15;53
r;2694253;74657;218648;15;53
r;3194810;74657;5955;15;53
r;22309166;74657;1198582;128;53
r;22309170;74657;1198583;128;53
r;3067764;74657;194244;0;52
r;13804215;74657;394860;0;52
r;13804224;74657;370448;0;52
r;13804225;74657;370458;0;52
r;96701786;74657;70086;6;52
r;52448593;74657;2558804;11;52
r;102358875;74657;4901599;11;52
r;102377882;74657;4902009;11;52
r;2483206;74657;222644;17;52
r;14841666;74657;12704;24;52
r;96701784;74657;228075;28;52
r;2453415;74657;38788;0;51
r;9713514;74657;71624;0;51
r;28429874;74657;396247;6;51
r;98684719;74657;4326614;11;51
r;102359844;74657;4901601;11;51
r;96701782;74657;119520;24;51
r;393950;74657;135479;32;51
r;29786078;74657;1824139;11;50
r;195335630;74657;9012754;11;50
r;195335713;74657;9012753;11;50
r;373527508;74657;14688834;11;50
r;419583543;74657;16035013;11;50
r;210561458;74657;6947595;333;50
r;22309158;74657;1198580;128;49
r;1646327;74657;217817;36;48
r;2242383;74657;250117;36;47
r;22309307;74657;1198617;128;47
r;97126585;74657;118627;0;46
r;50460877;74657;2365749;11;46
r;15439726;74657;36482;0;45
r;54139419;74657;2586627;4;45
r;54178548;74657;2586629;4;45
r;54237479;74657;2410682;11;45
r;115103820;74657;5898683;11;45
r;471350122;74657;15418905;11;45
r;96701781;74657;215727;58;45
r;9687846;74657;74860;0;44
r;9687848;74657;49293;0;44
r;443987;74657;36482;3;44
r;55625865;74657;2457946;11;43
r;470484438;74657;17329822;11;43
r;414076741;74657;15901065;128;43
r;114207407;74657;5864833;140;43
r;3067762;74657;194247;0;42
r;27775997;74657;245478;0;42
r;61606256;74657;140429;0;42
r;96701775;74657;183685;0;42
r;80359502;74657;267642;6;42
r;2660467;74657;214603;9;42
r;472828501;74657;15350975;11;42
r;472828506;74657;16055003;11;42
r;472828511;74657;16055004;11;42
r;14843947;74657;25405;24;42
r;97126597;74657;252259;24;42
r;740516;74657;191741;36;42
r;2483211;74657;194256;0;41
r;3067761;74657;194248;0;41
r;3067765;74657;194246;0;41
r;78636218;74657;396042;6;41
r;78642502;74657;265838;6;41
r;83903583;74657;436570;6;41
r;2547805;74657;213545;9;41
r;53108806;74657;2390738;11;41
r;55249126;74657;2440514;11;41
r;667307;74657;162759;36;41
r;88954627;74657;118439;0;40
r;436725686;74657;63568;0;40
r;25781041;74657;1636805;9;40
r;96701780;74657;106869;17;40
r;2942618;74657;139709;24;40
r;97126590;74657;161255;24;40
r;11313894;74657;108912;28;40
r;52637227;74657;214534;36;40
r;417573537;74657;16022959;140;40
r;3067760;74657;194250;0;39
r;97126587;74657;135479;0;39
r;2602569;74657;62726;9;39
r;472951111;74657;15397529;11;39
r;417487963;74657;16010679;128;39
r;417432735;74657;15997848;140;39
r;1969997;74657;229805;0;38
r;61603129;74657;140429;3;38
r;121032149;74657;6451679;11;38
r;11354818;74657;32666;15;38
r;11344372;74657;124919;28;38
r;11347953;74657;43853;28;38
r;96701777;74657;58768;6;37
r;8912083;74657;77488;15;37
r;418185112;74657;16051237;128;37
r;31236905;74657;143669;0;36
r;499345;74657;117095;3;36
r;31218501;74657;143669;3;36
r;315111755;74657;12080640;11;36
r;315111760;74657;12080639;11;36
r;419702208;74657;15215933;11;36
r;96701778;74657;7393;26;36
r;1557638;74657;215018;0;35
r;2229742;74657;5955;0;35
r;2229745;74657;54157;0;35
r;2483208;74657;194245;0;35
r;3067767;74657;24979;0;35
r;13685598;74657;229304;0;35
r;14447302;74657;422572;0;35
r;15355321;74657;46057;0;35
r;15377367;74657;117095;0;35
r;30900308;74657;71539;0;35
r;204896100;74657;6947595;0;35
r;1358489;74657;46057;3;35
r;85747145;74657;76714;5;35
r;2627454;74657;77424;9;35
r;2642315;74657;151867;9;35
r;2669302;74657;92955;9;35
r;2768071;74657;34898;9;35
r;2775829;74657;96211;9;35
r;289472212;74657;30536;26;35
r;319150101;74657;260032;26;35
r;644062;74657;37298;32;35
r;1957246;74657;162761;36;35
r;2080375;74657;191669;36;35
r;86872004;74657;3383527;444;35
r;2229743;74657;9056;0;34
r;2229746;74657;38361;0;34
r;59510428;74657;15303;0;34
r;120782003;74657;307358;0;34
r;120782010;74657;6382369;0;34
r;12162850;74657;321601;5;34
r;27772984;74657;270454;5;34
r;85641650;74657;78647;5;34
r;96701724;74657;91682;5;34
r;79935827;74657;391010;6;34
r;86538062;74657;3378472;6;34
r;2607154;74657;124919;9;34
r;2619739;74657;148105;9;34
r;2623598;74657;77008;9;34
r;2727950;74657;74846;9;34
r;14713043;74657;16747;9;34
r;15872120;74657;114327;9;34
r;114053392;74657;63568;10;34
r;96701776;74657;217399;15;34
r;96701760;74657;82003;17;34
r;90013818;74657;3575927;18;34
r;90879893;74657;3576104;18;34
r;97741951;74657;16964;24;34
r;98462822;74657;214536;24;34
r;96701758;74657;251717;36;34
r;119413513;74657;6113325;444;34
r;219013524;74657;9136782;0;33
r;213814989;74657;9136533;5;33
r;190706746;74657;73827;26;33
r;22309567;74657;1198673;128;33
r;3067763;74657;260608;0;32
r;13305312;74657;68439;0;32
r;14079898;74657;326373;0;32
r;25844354;74657;1636805;0;32
r;96701771;74657;120910;0;32
r;104619949;74657;60378;0;32
r;120669503;74657;5870930;0;32
r;121718155;74657;35143;0;32
r;2632224;74657;225934;9;32
r;110204926;74657;5564841;11;32
r;15796446;74657;224422;24;32
r;15060547;74657;227756;26;32
r;390411265;74657;14929061;333;32
r;119413514;74657;6138515;444;32
r;1943404;74657;142663;0;31
r;2229741;74657;3508;0;31
r;12287390;74657;146033;0;31
r;14148166;74657;237445;0;31
r;30877526;74657;71539;3;31
r;2634918;74657;144846;9;31
r;2749946;74657;81934;9;31
r;2829122;74657;107477;9;31
r;11798423;74657;74558;9;31
r;12999014;74657;390927;9;31
r;52524097;74657;2498780;11;31
r;279740678;74657;11035076;11;31
r;96701762;74657;65524;15;31
r;96701764;74657;17023;15;31
r;96701766;74657;111137;15;31
r;96701767;74657;221412;15;31
r;96701768;74657;256780;15;31
r;102005690;74657;106987;15;31
r;367039303;74657;131717;15;31
r;11829116;74657;330215;17;31
r;190706654;74657;213856;24;31
r;15062427;74657;124550;26;31
r;15072008;74657;98337;26;31
r;96701773;74657;241775;26;31
r;96701770;74657;142249;28;31
r;367039922;74657;276096;36;31
r;77953309;74657;162763;36;31
r;217258879;74657;9677590;128;31
r;1330414;74657;144222;0;30
r;2229756;74657;135191;0;30
r;2229758;74657;119942;0;30
r;9973121;74657;36886;0;30
r;12443665;74657;330964;0;30
r;12366261;74657;321601;0;30
r;13562303;74657;65081;0;30
r;13563061;74657;265837;0;30
r;15415313;74657;28663;0;30
r;24551442;74657;1483990;0;30
r;59510430;74657;61801;0;30
r;96701744;74657;14469;0;30
r;311572711;74657;593629;0;30
r;335783107;74657;1482393;0;30
r;121085225;74657;35143;3;30
r;27772990;74657;245478;5;30
r;79928068;74657;87789;6;30
r;83922312;74657;316850;6;30
r;2814742;74657;145953;9;30
r;11806151;74657;213644;9;30
r;102005704;74657;375467;15;30
r;102005706;74657;91694;15;30
r;96701756;74657;88096;17;30
r;2614965;74657;130164;24;30
r;2664516;74657;2442;24;30
r;2680028;74657;140318;24;30
r;2688589;74657;124600;24;30
r;2724025;74657;115440;24;30
r;2802441;74657;251694;24;30
r;2834763;74657;43253;24;30
r;2921408;74657;259820;24;30
r;2957321;74657;47918;24;30
r;3005407;74657;112239;24;30
r;14827820;74657;262268;24;30
r;14831462;74657;250346;24;30
r;14832993;74657;225253;24;30
r;14834962;74657;122409;24;30
r;78266530;74657;33882;24;30
r;96701730;74657;2234;24;30
r;96701731;74657;7886;24;30
r;96701732;74657;225252;24;30
r;96701733;74657;87091;24;30
r;96701734;74657;53455;24;30
r;96701735;74657;104396;24;30
r;96701736;74657;49739;24;30
r;96701737;74657;12112;24;30
r;96701738;74657;26142;24;30
r;96701739;74657;76181;24;30
r;96701740;74657;233198;24;30
r;96701741;74657;101610;24;30
r;96701742;74657;178926;24;30
r;96701751;74657;94345;24;30
r;96701752;74657;27636;24;30
r;96701753;74657;161875;24;30
r;96701754;74657;135139;24;30
r;96701755;74657;239520;24;30
r;97126596;74657;239317;24;30
r;234482741;74657;6681658;24;30
r;347613759;74657;105814;24;30
r;365261462;74657;14380870;24;30
r;367049550;74657;14465541;24;30
r;370392716;74657;14573349;24;30
r;425308394;74657;16168820;24;30
r;397637420;74657;15323342;24;30
r;397637441;74657;15323340;24;30
r;397831546;74657;4332872;24;30
r;397831577;74657;15323341;24;30
r;398548986;74657;15282443;24;30
r;402822057;74657;15203879;24;30
r;404824215;74657;15454087;24;30
r;404824234;74657;82148;24;30
r;405594123;74657;15309626;24;30
r;405614473;74657;15282446;24;30
r;405615433;74657;15244997;24;30
r;405615454;74657;15396328;24;30
r;405615471;74657;15291874;24;30
r;405615472;74657;15291873;24;30
r;405615495;74657;248918;24;30
r;405615926;74657;15309628;24;30
r;410026410;74657;15309627;24;30
r;410073305;74657;15309629;24;30
r;431545816;74657;186631;24;30
r;431550600;74657;266370;24;30
r;431748269;74657;15454086;24;30
r;431748381;74657;15282442;24;30
r;436725698;74657;14374498;24;30
r;436725699;74657;14374500;24;30
r;438102690;74657;16595339;24;30
r;438103438;74657;16605912;24;30
r;438104396;74657;16322123;24;30
r;443066178;74657;15314438;24;30
r;449411319;74657;15402014;24;30
r;449411330;74657;15402015;24;30
r;449411361;74657;15402016;24;30
r;449411375;74657;186630;24;30
r;449504958;74657;15402017;24;30
r;449504990;74657;15402018;24;30
r;457385082;74657;390955;24;30
r;468330813;74657;15431781;24;30
r;468331547;74657;15422670;24;30
r;468331569;74657;15422671;24;30
r;468331591;74657;15422672;24;30
r;15046965;74657;56921;26;30
r;15047578;74657;328089;26;30
r;15047881;74657;121724;26;30
r;15048366;74657;224570;26;30
r;15048463;74657;65893;26;30
r;15049019;74657;53223;26;30
r;15052118;74657;14850;26;30
r;15054430;74657;327287;26;30
r;15054611;74657;328304;26;30
r;15055212;74657;327315;26;30
r;15056364;74657;327623;26;30
r;15056705;74657;327492;26;30
r;15057199;74657;327313;26;30
r;15062853;74657;239898;26;30
r;15065091;74657;73183;26;30
r;15065130;74657;126425;26;30
r;15065203;74657;32264;26;30
r;15065355;74657;164229;26;30
r;15066869;74657;26735;26;30
r;15068169;74657;163736;26;30
r;15068471;74657;162445;26;30
r;15068818;74657;159963;26;30
r;15069625;74657;159187;26;30
r;15071534;74657;158388;26;30
r;96701728;74657;847;26;30
r;96701729;74657;24646;26;30
r;97126594;74657;227757;26;30
r;97126595;74657;230989;26;30
r;98750645;74657;231;26;30
r;98750646;74657;609594;26;30
r;273931477;74657;115369;26;30
r;319150005;74657;5115;26;30
r;322706569;74657;80199;26;30
r;322706570;74657;228624;26;30
r;78501404;74657;118439;35;30
r;2321193;74657;254876;36;30
r;390411273;74657;14952183;333;30
r;2229762;74657;110231;0;29
r;2483212;74657;185926;0;29
r;54538806;74657;30084;0;29
r;96701774;74657;213940;0;29
r;335789377;74657;589414;0;29
r;459225;74657;28663;3;29
r;85063968;74657;3182860;5;29
r;93983037;74657;3762435;6;29
r;315485606;74657;12110329;11;29
r;315485594;74657;12110331;11;29
r;315485611;74657;12110328;11;29
r;315485599;74657;12110330;11;29
r;2880490;74657;122864;17;29
r;8912586;74657;51054;17;29
r;96701719;74657;48496;17;29
r;96701747;74657;141168;17;29
r;96701750;74657;237771;17;29
r;96701772;74657;10369;17;29
r;418394261;74657;16062113;140;29
r;78046460;74657;3228593;444;29
r;958812;74657;91682;0;28
r;3067766;74657;76193;0;28
r;3176911;74657;125613;0;28
r;12287391;74657;18562;0;28
r;13655898;74657;225847;0;28
r;14682107;74657;329657;0;28
r;85923910;74657;78647;0;28
r;91470216;74657;3597049;0;28
r;97126583;74657;61490;0;28
r;120669521;74657;280489;0;28
r;120782007;74657;6392036;0;28
r;121074499;74657;6526881;0;28
r;213991093;74657;9136533;0;28
r;332132154;74657;453095;0;28
r;332135300;74657;600108;0;28
r;12166193;74657;194243;5;28
r;12201798;74657;194257;5;28
r;2551657;74657;237765;9;28
r;2598342;74657;8990;9;28
r;2685602;74657;26363;9;28
r;2708987;74657;95256;9;28
r;2717386;74657;3508;9;28
r;2771160;74657;233138;9;28
r;2779690;74657;116980;9;28
r;2819918;74657;140715;9;28
r;315548433;74657;12103179;11;28
r;315548440;74657;12103178;11;28
r;315548447;74657;12103177;11;28
r;315548454;74657;12103176;11;28
r;315548463;74657;12103175;11;28
r;315548470;74657;12103174;11;28
r;315548481;74657;12103173;11;28
r;315548488;74657;12103172;11;28
r;315548495;74657;12103171;11;28
r;315548506;74657;12103170;11;28
r;96701765;74657;218806;15;28
r;96701720;74657;55222;17;28
r;96701761;74657;394107;36;28
r;9282107;74657;79816;0;27
r;9282108;74657;50002;0;27
r;2229744;74657;60376;0;27
r;2229757;74657;29173;0;27
r;3067759;74657;2959;0;27
r;9929358;74657;194253;0;27
r;11835166;74657;247057;0;27
r;14128217;74657;260820;0;27
r;15719771;74657;152125;0;27
r;59510429;74657;17977;0;27
r;91470214;74657;139868;0;27
r;332138829;74657;591749;0;27
r;97859063;74657;3366;5;27
r;79920311;74657;391009;6;27
r;2736709;74657;16110;9;27
r;2887501;74657;108463;9;27
r;2986777;74657;141814;9;27
r;2993299;74657;241352;9;27
r;11261377;74657;326146;9;27
r;2674027;74657;120157;10;27
r;318485684;74657;12238744;11;27
r;318485704;74657;12238743;11;27
r;96701763;74657;214224;15;27
r;395324468;74657;14945721;333;27
r;395324470;74657;14921038;333;27
r;86872005;74657;3383528;444;27
r;15727693;74657;153845;0;26
r;28459639;74657;396247;0;26
r;59510427;74657;98382;0;26
r;97126582;74657;42794;0;26
r;97126593;74657;198957;0;26
r;120669511;74657;2096883;0;26
r;204899561;74657;9136562;0;26
r;418267142;74657;16042170;0;26
r;437851749;74657;213857;0;26
r;78501405;74657;3245297;1;26
r;97126588;74657;139868;5;26
r;98343729;74657;2348209;5;26
r;210728761;74657;6947595;5;26
r;448780987;74657;144317;5;26
r;429671046;74657;3224813;6;26
r;2756477;74657;142086;9;26
r;2871550;74657;139779;9;26
r;2901502;74657;126285;9;26
r;2905488;74657;47319;9;26
r;2909483;74657;109785;9;26
r;2930934;74657;219363;9;26
r;2936289;74657;240720;9;26
r;2947331;74657;221019;9;26
r;2955050;74657;50869;9;26
r;2962396;74657;95422;9;26
r;2967752;74657;103311;9;26
r;2972791;74657;83944;9;26
r;3011444;74657;152844;9;26
r;3032464;74657;228289;9;26
r;3040083;74657;126388;9;26
r;3049969;74657;51126;9;26
r;10774311;74657;57875;9;26
r;11810115;74657;213792;9;26
r;392497352;74657;15026289;11;26
r;316541535;74657;12202151;11;26
r;316545509;74657;12201533;11;26
r;316545634;74657;12201510;11;26
r;316545698;74657;12201496;11;26
r;359706191;74657;14159502;11;26
r;359706311;74657;14159510;11;26
r;2483205;74657;50889;17;26
r;2702149;74657;1384;17;26
r;13732749;74657;102934;17;26
r;78257146;74657;99220;17;26
r;104909161;74657;599490;17;26
r;33154669;74657;626;32;26
r;33154670;74657;90830;32;26
r;386079878;74657;144681;32;26
r;386079912;74657;49337;32;26
r;210665710;74657;6947595;72;26
r;311793763;74657;9136782;72;26
r;311850290;74657;280489;72;26
r;86872002;74657;3383525;444;26
r;365211931;74657;126612;0;25
r;365211963;74657;14380874;0;25
r;367039260;74657;37229;0;25
r;367039292;74657;14465545;0;25
r;370368820;74657;53223;0;25
r;370368863;74657;14573353;0;25
r;414999483;74657;151352;0;25
r;415493380;74657;14921038;0;25
r;415493382;74657;14945721;0;25
r;416015553;74657;14954782;0;25
r;416015555;74657;14952183;0;25
r;416015557;74657;14954781;0;25
r;416015559;74657;14929061;0;25
r;418267144;74657;38344;0;25
r;437387759;74657;10246;0;25
r;437387791;74657;16595343;0;25
r;437851768;74657;16605914;0;25
r;385226561;74657;6947917;3;25
r;385254291;74657;273420;3;25
r;385271522;74657;6825581;3;25
r;418267143;74657;38344;3;25
r;312137481;74657;9136782;5;25
r;309630581;74657;1573170;5;25
r;309988829;74657;658961;5;25
r;310010621;74657;600108;5;25
r;310092347;74657;593629;5;25
r;310106845;74657;591749;5;25
r;310149596;74657;578627;5;25
r;310179954;74657;453095;5;25
r;312130708;74657;280489;5;25
r;391279196;74657;14921038;5;25
r;391312673;74657;14950399;5;25
r;416216530;74657;14954780;5;25
r;448733294;74657;15070285;5;25
r;314920395;74657;101689;6;25
r;357101859;74657;14049831;6;25
r;357266608;74657;14049840;6;25
r;359479839;74657;14049844;6;25
r;377450329;74657;12321907;6;25
r;479729815;74657;1655534;6;25
r;383950004;74657;1395235;6;25
r;383990297;74657;2461482;6;25
r;391412669;74657;14940408;6;25
r;350893880;74657;221034;9;25
r;372367006;74657;60152;9;25
r;372496856;74657;213977;9;25
r;377529070;74657;94431;9;25
r;377715056;74657;12791689;9;25
r;416835010;74657;247661;9;25
r;416847476;74657;86657;9;25
r;416888108;74657;15266770;9;25
r;424941032;74657;398564;9;25
r;479148380;74657;11008328;9;25
r;414014054;74657;364788;10;25
r;301495376;74657;6342336;11;25
r;301511897;74657;6344139;11;25
r;301744578;74657;6351614;11;25
r;303934045;74657;6382369;11;25
r;303986083;74657;6384036;11;25
r;304003730;74657;6385595;11;25
r;316555282;74657;12196981;11;25
r;316555286;74657;12196980;11;25
r;316555290;74657;12196979;11;25
r;316555294;74657;12196978;11;25
r;316635702;74657;12178245;11;25
r;316635713;74657;12178243;11;25
r;316635724;74657;12178241;11;25
r;316635735;74657;12178239;11;25
r;316635744;74657;12178237;11;25
r;316635755;74657;12178235;11;25
r;316635764;74657;12178233;11;25
r;316635775;74657;12178231;11;25
r;316635790;74657;12178229;11;25
r;316635799;74657;12178227;11;25
r;316635810;74657;12178225;11;25
r;316635819;74657;12178222;11;25
r;316635830;74657;12178220;11;25
r;316635843;74657;12178218;11;25
r;356463577;74657;14084094;11;25
r;367039903;74657;14465548;11;25
r;471020773;74657;15332340;15;25
r;471022980;74657;15706361;15;25
r;471951883;74657;15413802;15;25
r;471951895;74657;15413803;15;25
r;471951907;74657;15413804;15;25
r;471951919;74657;15413806;15;25
r;471951931;74657;15413805;15;25
r;471951943;74657;15413807;15;25
r;477608466;74657;28105;17;25
r;477577235;74657;2068685;17;25
r;477571889;74657;127950;17;25
r;477572052;74657;153053;17;25
r;477575186;74657;143191;17;25
r;477572422;74657;2106022;17;25
r;477543199;74657;145958;17;25
r;477542220;74657;143272;17;25
r;477583935;74657;152612;17;25
r;477548552;74657;78150;17;25
r;477577303;74657;17716;17;25
r;477550562;74657;42520;17;25
r;477578276;74657;13849;17;25
r;477542617;74657;14287029;17;25
r;477610003;74657;143528;17;25
r;477546711;74657;51283;17;25
r;477573586;74657;88199;17;25
r;477550284;74657;260383;17;25
r;477550283;74657;12643;17;25
r;477577258;74657;19115;17;25
r;477572858;74657;3187411;17;25
r;390155547;74657;7332979;18;25
r;390411267;74657;14916413;18;25
r;418267145;74657;172435;18;25
r;376999105;74657;146033;21;25
r;376185666;74657;7393;25;25
r;386080044;74657;49712;32;25
r;417321377;74657;15991431;36;25
r;437083601;74657;1912917;36;25
r;320900113;74657;9136782;333;25
r;390411269;74657;14954781;333;25
r;390411276;74657;14954782;333;25
r;284259091;74657;1956769;999;25
r;284259100;74657;1956770;999;25
r;85387832;74657;3182860;0;24
r;86006342;74657;76714;0;24
r;98394442;74657;3366;0;24
r;98396202;74657;2348209;0;24
r;332133135;74657;658961;0;24
r;59510431;74657;29505;0;23
r;96701743;74657;132995;0;23
r;311566948;74657;578627;0;23
r;22309258;74657;1198605;128;23
r;284204336;74657;245479;999;23
r;284204362;74657;245480;999;23
r;310120444;74657;589414;5;22
r;96701749;74657;237782;17;22
r;11608355;74657;218238;73;22
r;12287389;74657;114288;0;21
r;27775999;74657;260609;0;21
r;27776002;74657;270454;0;21
r;96701721;74657;70086;0;21
r;96701745;74657;58768;0;21
r;96701748;74657;94608;0;21
r;96701757;74657;222644;0;21
r;97126581;74657;39101;0;21
r;298709320;74657;4333487;0;21
r;332121758;74657;1573170;0;21
r;22309246;74657;1198602;128;21
r;22309250;74657;1198603;128;21
r;22309254;74657;1198604;128;21
r;22309303;74657;1198616;128;21
r;22309319;74657;1198619;128;21
r;22309387;74657;1198628;128;21
r;22309415;74657;1198635;128;21
r;22309419;74657;1198636;128;21
r;22309423;74657;1198637;128;21
r;22309427;74657;1198638;128;21
r;22309435;74657;1198640;128;21
r;22309591;74657;1198679;128;21
r;22309707;74657;1198708;128;21
r;416248618;74657;15351229;5;20
r;416387711;74657;14940447;5;20
r;416387745;74657;15254714;5;20
r;416387827;74657;14922377;5;20
r;416387851;74657;6905091;5;20
r;436725700;74657;14465546;9;20
r;436725689;74657;140100;35;20
r;85130328;74657;3182860;6;19
r;476495120;74657;16605947;24;19
r;284308277;74657;260606;999;19
r;11884283;74657;79073;73;18
r;11055536;74657;51126;0;17
r;96701746;74657;250346;0;17
r;10176762;74657;248198;36;17
r;28738707;74657;1745426;0;16
r;96701726;74657;123408;0;16
r;96701727;74657;113317;0;16
r;97126580;74657;6474;0;16
r;471028048;74657;15442431;15;16
r;471028050;74657;15442432;15;16
r;24415894;74657;307359;0;15
r;30239052;74657;1791168;0;15
r;96701722;74657;59691;0;15
r;96701723;74657;316850;0;15
r;96701725;74657;134527;0;15
r;449058312;74657;144317;0;15
r;449088128;74657;15070285;0;15
r;473653295;74657;109420;0;15
r;473653296;74657;124550;0;15
r;473653297;74657;44059;0;15
r;473653298;74657;81090;0;15
r;473653299;74657;56865;0;15
r;473653300;74657;78768;0;15
r;473653301;74657;4401109;0;15
r;473653302;74657;282621;0;15
r;473653303;74657;215906;0;15
r;473653304;74657;55432;0;15
r;473653305;74657;215024;0;15
r;473653306;74657;30459;0;15
r;309951087;74657;1482393;5;15
r;97126591;74657;161981;26;15
r;14098885;74657;150;73;15
r;273290273;74657;10899348;128;15
r;321179162;74657;12497961;140;15
r;31862151;74657;290736;0;14
r;285919474;74657;396042;0;14
r;285053450;74657;215016;999;14
r;285053486;74657;215017;999;14
r;285053554;74657;215020;999;14
r;285053594;74657;215022;999;14
r;285053638;74657;215015;999;14
r;31564856;74657;194261;0;13
r;31564878;74657;194259;0;13
r;31564882;74657;194251;0;13
r;31564889;74657;194254;0;13
r;31564892;74657;194242;0;13
r;285919473;74657;265838;0;13
r;285919475;74657;391009;0;13
r;285919476;74657;391010;0;13
r;275389672;74657;10314012;17;13
r;10551161;74657;120157;0;12
r;31575325;74657;194260;0;12
r;31575390;74657;194258;0;12
r;418267146;74657;18114;0;12
r;210491918;74657;6912949;9;12
r;177330189;74657;6797233;9;11
r;413692137;74657;15080161;10;11
r;97126586;74657;120892;32;11
r;3162774;74657;50889;106;11
r;99236618;74657;4371886;140;11
r;99236614;74657;4371885;140;11
r;99242194;74657;4373280;140;11
r;86016499;74657;3182298;999;11
r;31624819;74657;222884;0;10
r;53081738;74657;2558804;0;10
r;53082106;74657;2550071;0;10
r;391453575;74657;14950399;0;10
r;418542144;74657;14954780;0;10
r;473939747;74657;16605918;0;10
r;331743966;74657;439857;5;10
r;473939746;74657;114615;5;10
r;8913027;74657;160013;9;10
r;471037854;74657;3971273;15;10
r;473908102;74657;15433835;15;10
r;33597130;74657;28453;32;10
r;8036641;74657;274762;777;10
r;8036645;74657;141168;777;10
r;8036657;74657;275142;777;10
r;8036662;74657;179717;777;10
r;8036673;74657;108373;777;10
r;8036674;74657;151672;777;10
r;8036678;74657;63267;777;10
r;8036684;74657;287663;777;10
r;8036688;74657;148107;777;10
r;8036695;74657;93734;777;10
r;8036696;74657;34495;777;10
r;8036699;74657;111092;777;10
r;8036705;74657;33892;777;10
r;8036709;74657;71981;777;10
r;8036712;74657;19183;777;10
r;8036715;74657;87987;777;10
r;8036723;74657;6988;777;10
r;8036724;74657;136703;777;10
r;8036729;74657;43409;777;10
r;8036732;74657;113317;777;10
r;8036738;74657;63348;777;10
r;8036742;74657;144632;777;10
r;8036747;74657;81451;777;10
r;8036752;74657;217399;777;10
r;8036758;74657;152065;777;10
r;8036761;74657;146799;777;10
r;8036766;74657;59697;777;10
r;8036772;74657;42683;777;10
r;8036776;74657;65149;777;10
r;8036782;74657;76804;777;10
r;8036783;74657;114015;777;10
r;8036792;74657;175925;777;10
r;8036793;74657;163171;777;10
r;8036798;74657;141474;777;10
r;8036799;74657;72905;777;10
r;8036804;74657;146500;777;10
r;8036808;74657;51851;777;10
r;8036811;74657;51000;777;10
r;8036815;74657;285718;777;10
r;8036818;74657;285698;777;10
r;8310208;74657;309526;777;10
r;17540484;74657;272716;777;10
r;17540487;74657;431214;777;10
r;17540490;74657;307358;777;10
r;17540491;74657;290898;777;10
r;17540494;74657;408617;777;10
r;17540497;74657;285692;777;10
r;17540500;74657;311123;777;10
r;18619154;74657;402430;777;10
r;18619158;74657;398049;777;10
r;18619163;74657;397722;777;10
r;18619167;74657;415974;777;10
r;18619173;74657;137499;777;10
r;18619174;74657;114723;777;10
r;18619179;74657;573286;777;10
r;18619183;74657;397609;777;10
r;18619187;74657;408257;777;10
r;18619191;74657;320893;777;10
r;18619196;74657;426463;777;10
r;18619200;74657;418951;777;10
r;18619204;74657;285728;777;10
r;27777469;74657;100274;777;10
r;27777470;74657;143900;777;10
r;28861704;74657;410797;777;10
r;28861705;74657;49073;777;10
r;28861722;74657;275862;777;10
r;30224417;74657;1791168;777;10
r;34108066;74657;78670;777;10
r;51827716;74657;2042537;777;10
r;51827725;74657;2244427;777;10
r;83258312;74657;325719;777;10
r;356252267;74657;10999215;777;10
r;356252268;74657;10546947;777;10
r;356252269;74657;10065547;777;10
r;356252270;74657;10435299;777;10
r;356252271;74657;96070;777;10
r;356252272;74657;89178;777;10
r;356252273;74657;13632442;777;10
r;356252274;74657;70459;777;10
r;356252275;74657;5955165;777;10
r;356252276;74657;71845;777;10
r;356252277;74657;88460;777;10
r;367039920;74657;191799;777;10
r;367039921;74657;11844;777;10
r;18615019;74657;229806;999;10
r;18615055;74657;240637;999;10
r;285069674;74657;3579716;999;10
r;285069682;74657;3579717;999;10
r;285069695;74657;3579719;999;10
r;2321194;74657;254878;36;9
r;3347297;74657;272210;777;9
r;3347302;74657;22758;777;9
r;3347305;74657;271811;777;9
r;3347308;74657;95373;777;9
r;3347311;74657;10956;777;9
r;3347314;74657;176035;777;9
r;3347317;74657;142623;777;9
r;3347320;74657;141059;777;9
r;3347323;74657;17659;777;9
r;3347326;74657;143853;777;9
r;3347329;74657;112576;777;9
r;3347332;74657;25137;777;9
r;3347337;74657;18229;777;9
r;3347338;74657;46057;777;9
r;3347341;74657;98300;777;9
r;3347346;74657;14469;777;9
r;3347347;74657;148362;777;9
r;3347350;74657;46398;777;9
r;3347353;74657;194253;777;9
r;3347358;74657;122367;777;9
r;3347359;74657;120910;777;9
r;3347364;74657;18919;777;9
r;3347365;74657;113308;777;9
r;3347370;74657;1562;777;9
r;3347385;74657;222666;777;9
r;3347388;74657;89142;777;9
r;3347391;74657;111558;777;9
r;3347394;74657;124092;777;9
r;3347397;74657;220462;777;9
r;3347400;74657;20981;777;9
r;31575257;74657;1956768;0;8
r;288601445;74657;87789;0;8
r;33970769;74657;14330;32;8
r;347214155;74657;37194;73;8
r;276751498;74657;10965322;140;8
r;284862748;74657;237444;999;8
r;285059242;74657;3161641;999;8
r;285059262;74657;3161653;999;8
r;53855193;74657;2390738;0;7
r;54247012;74657;2393387;0;7
r;226776232;74657;8535678;9;7
r;54744915;74657;2592575;128;7
r;285183422;74657;250347;999;7
r;285183429;74657;250348;999;7
r;285193762;74657;270543;999;7
r;285193772;74657;270545;999;7
r;285193777;74657;270544;999;7
r;285327696;74657;3316377;999;7
r;285327712;74657;3316380;999;7
r;285327718;74657;3316378;999;7
r;285327726;74657;3316376;999;7
r;285348444;74657;1969859;999;7
r;285348455;74657;1969860;999;7
r;285348470;74657;1969861;999;7
r;284049537;74657;1745425;999;6
r;284049950;74657;2911489;999;6
r;284050287;74657;2911529;999;6
r;284050617;74657;233912;999;6
r;284050874;74657;233913;999;6
r;284051385;74657;1745427;999;6
r;284051624;74657;2911488;999;6
r;284051947;74657;233911;999;6
r;284052235;74657;233910;999;6
r;285108445;74657;332116;999;6
r;285108465;74657;332117;999;6
r;285108493;74657;326354;999;6
r;285111257;74657;270455;999;6
r;285173551;74657;3682528;999;6
r;32083817;74657;307360;0;5
r;429391316;74657;6905091;0;5
r;429391333;74657;14922377;0;5
r;429391370;74657;15254714;0;5
r;429391382;74657;14940447;0;5
r;429471313;74657;15351229;0;5
r;478444053;74657;3187425;17;5
r;8911470;74657;47972;24;5
r;16013170;74657;454397;128;5
r;16013178;74657;454399;128;5
r;22309407;74657;1198633;128;5
r;22309507;74657;1198658;128;5
r;22309611;74657;1198684;128;5
r;179438859;74657;8756429;128;5
r;1520216;74657;140176;666;5
r;1768735;74657;136786;666;5
r;30403612;74657;330963;999;5
r;10034405;74657;213545;0;4
r;391419127;74657;14940408;0;4
r;220464785;74657;1816244;9;4
r;213794563;74657;405965;9;4
r;97868703;74657;600043;17;4
r;104909720;74657;674336;17;4
r;29670552;74657;225848;999;4
r;31882723;74657;237441;999;4
r;31954167;74657;237443;999;4
r;284163746;74657;2674388;999;4
r;285413400;74657;220188;999;4
r;285413406;74657;220189;999;4
r;285413423;74657;220190;999;4
r;33887263;74657;370449;0;3
r;33887279;74657;370439;0;3
r;33887282;74657;370441;0;3
r;33887512;74657;370440;0;3
r;33887519;74657;370442;0;3
r;33887527;74657;370457;0;3
r;33887566;74657;370446;0;3
r;33887574;74657;370445;0;3
r;33887601;74657;370453;0;3
r;33887621;74657;370452;0;3
r;33887641;74657;370437;0;3
r;33887647;74657;370450;0;3
r;33887830;74657;370451;0;3
r;33887899;74657;370454;0;3
r;97711504;74657;13369;6;3
r;97591748;74657;3343185;9;3
r;220474591;74657;6797262;9;3
r;401790180;74657;15047666;9;3
r;22309431;74657;1198639;128;3
r;54744920;74657;2592576;128;3
r;190706750;74657;8865269;128;3
r;413763698;74657;15871597;128;3
r;100715673;74657;4619274;140;3
r;100821689;74657;4645195;140;3
r;100830533;74657;4647205;140;3
r;100837805;74657;4648613;140;3
r;285671487;74657;2945380;999;3
r;285671549;74657;318667;999;3
r;8899298;74657;122455;0;2
r;54515778;74657;2410682;0;2
r;330834266;74657;174176;9;2
r;413718810;74657;119584;9;2
r;416771600;74657;15359480;9;2
r;416904797;74657;79894;9;2
r;436502280;74657;14918011;9;2
r;3162773;74657;15196;106;2
r;3162775;74657;8542;106;2
r;15971489;74657;445936;140;2
r;15972613;74657;446217;140;2
r;22921383;74657;1306523;140;2
r;372817986;74657;14658152;140;2
r;1520217;74657;37571;666;2
r;29648944;74657;225846;999;2
r;29692158;74657;225849;999;2
r;284510071;74657;396249;999;2
r;285344941;74657;3178150;999;2
r;285346055;74657;246521;999;2
r;285347151;74657;213546;999;2
r;285348248;74657;213550;999;2
r;430302965;74657;3224813;0;1
r;97954496;74657;157007;6;1
r;215796142;74657;6798394;9;1
r;400249057;74657;14917526;9;1
r;416919627;74657;9928893;9;1
r;416922687;74657;126613;9;1
r;2444163;74657;215024;10;1
r;2444165;74657;194252;10;1
r;3162776;74657;64238;106;1
r;3162777;74657;86356;106;1
r;3162778;74657;26976;106;1
r;3162779;74657;129270;106;1
r;12980036;74657;60;106;1
r;22309295;74657;1198614;128;1
r;22309299;74657;1198615;128;1
r;22309312;74657;1198618;128;1
r;22309323;74657;1198620;128;1
r;22309327;74657;1198621;128;1
r;22309351;74657;1198622;128;1
r;22309355;74657;1198623;128;1
r;22309364;74657;1198624;128;1
r;22309375;74657;1198625;128;1
r;22309379;74657;1198626;128;1
r;22309383;74657;1198627;128;1
r;22309391;74657;1198629;128;1
r;22309395;74657;1198630;128;1
r;22309399;74657;1198631;128;1
r;22309403;74657;1198632;128;1
r;22309411;74657;1198634;128;1
r;22309439;74657;1198641;128;1
r;22309443;74657;1198642;128;1
r;22309447;74657;1198643;128;1
r;22309451;74657;1198644;128;1
r;22309455;74657;1198645;128;1
r;22309459;74657;1198646;128;1
r;22309463;74657;1198647;128;1
r;22309467;74657;1198648;128;1
r;22309471;74657;1198649;128;1
r;22309475;74657;1198650;128;1
r;22309479;74657;1198651;128;1
r;22309483;74657;1198652;128;1
r;22309487;74657;1198653;128;1
r;22309491;74657;1198654;128;1
r;22309495;74657;1198655;128;1
r;22309499;74657;1198656;128;1
r;22309503;74657;1198657;128;1
r;22309511;74657;1198659;128;1
r;22309515;74657;1198660;128;1
r;22309519;74657;1198661;128;1
r;22309523;74657;1198662;128;1
r;22309527;74657;1198663;128;1
r;22309531;74657;1198664;128;1
r;22309535;74657;1198665;128;1
r;22309539;74657;1198666;128;1
r;22309543;74657;1198667;128;1
r;22309547;74657;1198668;128;1
r;22309551;74657;1198669;128;1
r;22309555;74657;1198670;128;1
r;22309559;74657;1198671;128;1
r;22309563;74657;1198672;128;1
r;22309571;74657;1198674;128;1
r;22309575;74657;1198675;128;1
r;22309579;74657;1198676;128;1
r;22309583;74657;1198677;128;1
r;22309587;74657;1198678;128;1
r;22309595;74657;1198680;128;1
r;22309599;74657;1198681;128;1
r;22309603;74657;1198682;128;1
r;22309607;74657;1198683;128;1
r;22309615;74657;1198685;128;1
r;22309619;74657;1198686;128;1
r;22309623;74657;1198687;128;1
r;22309631;74657;1198689;128;1
r;22309635;74657;1198690;128;1
r;22309639;74657;1198691;128;1
r;22309643;74657;1198692;128;1
r;22309647;74657;1198693;128;1
r;22309651;74657;1198694;128;1
r;22309655;74657;1198695;128;1
r;22309659;74657;1198696;128;1
r;22309663;74657;1198697;128;1
r;22309667;74657;1198698;128;1
r;22309671;74657;1198699;128;1
r;22309675;74657;1198700;128;1
r;22309679;74657;1198701;128;1
r;22309683;74657;1198702;128;1
r;22309687;74657;1198703;128;1
r;22309691;74657;1198704;128;1
r;22309695;74657;1198705;128;1
r;22309699;74657;1198706;128;1
r;22309703;74657;1198707;128;1
r;22309711;74657;1198709;128;1
r;22309715;74657;1198710;128;1
r;190706658;74657;8865263;128;1
r;213955008;74657;9478533;128;1
r;432564966;74657;16372175;128;1
r;53549351;74657;2583838;140;1
r;219035676;74657;9825669;140;1
r;289472211;74657;11304312;140;1
r;313321563;74657;12032156;140;1
r;452600456;74657;17012928;140;1
r;452821380;74657;17020471;140;1
r;94530031;74657;4170579;444;1
r;94551436;74657;4194330;444;1
r;94572503;74657;4217859;444;1
r;1801727;74657;82003;666;1
r;2140051;74657;217399;666;1
r;13021832;74657;220338;999;1
r;13021862;74657;225706;999;1
r;34209391;74657;234035;999;1
r;284082436;74657;3170279;999;1
r;284345812;74657;396248;999;1
r;284686672;74657;396250;999;1
r;2444164;74657;225916;10;-1
r;8903961;74657;23917;17;-2
r;418735374;74657;14938990;5;-5
r;8898403;74657;15196;17;-7
r;416387785;74657;15753576;5;-15
r;416387806;74657;15753575;5;-15
r;416387874;74657;15443735;5;-15
r;416387894;74657;15443736;5;-15
r;15664146;74657;152125;3;-19
r;15680437;74657;153845;3;-20
r;629805;74657;135190;6;-25
r;1897910;74657;61490;6;-25
r;11946363;74657;157284;6;-25
r;298691620;74657;4333487;6;-25
r;480174657;74657;43827;9;-25
r;480174659;74657;141480;9;-25
r;467021;74657;140176;3;-28
r;2241439;74657;250116;36;-30
r;520913;74657;17559;3;-31
r;27772987;74657;260609;5;-35
r;195488097;74657;48510;17;-40
r;86872003;74657;3383526;444;-42
r;86872006;74657;3383529;444;-42
r;54744910;74657;101503;5;-50
r;179842;74657;140176;10;-70
r;9928414;74657;194243;6;-188
r;103098611;4904133;74657;6;521
r;358498131;14084066;74657;6;520
r;11882695;79073;74657;74;431
r;69734;140176;74657;0;371
r;148705493;6797233;74657;10;355
r;11111172;141814;74657;10;351
r;13020924;194252;74657;6;318
r;10416223;47319;74657;10;279
r;216382714;8535678;74657;10;276
r;154221796;6797262;74657;10;247
r;12473663;145790;74657;6;236
r;84547581;3180250;74657;6;228
r;14169090;194255;74657;6;228
r;84526586;3182860;74657;6;222
r;2407923;256981;74657;0;220
r;12473666;194243;74657;6;219
r;61239468;2674389;74657;6;215
r;12473665;179717;74657;6;215
r;84479704;3250035;74657;6;213
r;31545918;194256;74657;6;211
r;3171450;194257;74657;6;207
r;2223352;194253;74657;6;206
r;114900501;5872854;74657;6;205
r;2996879;194249;74657;6;204
r;2375268;194244;74657;6;204
r;84477602;3249960;74657;6;201
r;15826424;114327;74657;10;201
r;398825057;14918011;74657;10;200
r;398643927;14917526;74657;10;200
r;27810176;194246;74657;6;200
r;84471879;3250094;74657;6;194
r;1667306;194249;74657;0;193
r;114900373;5873440;74657;6;192
r;84472432;3250242;74657;6;192
r;31534984;194259;74657;6;190
r;31532384;194242;74657;6;190
r;31512746;194245;74657;6;190
r;84479190;3249920;74657;6;189
r;2483352;194253;74657;0;189
r;31546766;194247;74657;6;187
r;84534340;3180365;74657;6;185
r;31534608;194251;74657;6;184
r;1706639;194257;74657;0;183
r;84474304;3250077;74657;6;182
r;31515024;194250;74657;6;181
r;84545216;3180254;74657;6;180
r;31550280;194248;74657;6;180
r;31532843;194254;74657;6;179
r;31540091;194261;74657;6;178
r;31546784;194258;74657;6;177
r;84533203;3180364;74657;6;176
r;31236904;143669;74657;0;176
r;31544139;194260;74657;6;174
r;31236903;143669;74657;27;173
r;150566207;6947917;74657;0;172
r;150559269;6947917;74657;27;172
r;564967;146033;74657;5;166
r;114900493;5872854;74657;0;163
r;9471332;194244;74657;0;163
r;61239142;2674389;74657;0;154
r;2067761;179717;74657;0;154
r;1635525;191974;74657;0;153
r;84526568;3182860;74657;0;151
r;1601759;194243;74657;0;151
r;294293385;11439061;74657;0;150
r;1911823;73183;74657;0;150
r;114900372;5873440;74657;0;147
r;114370128;275369;74657;6;147
r;84570417;3177031;74657;0;147
r;84548987;3180251;74657;0;147
r;84547558;3180250;74657;0;147
r;84547119;3180255;74657;0;147
r;84545211;3180254;74657;0;147
r;84534329;3180365;74657;0;147
r;84533194;3180364;74657;0;147
r;84479703;3250035;74657;0;147
r;84479182;3249920;74657;0;147
r;84477574;3249960;74657;0;147
r;84474299;3250077;74657;0;147
r;84472423;3250242;74657;0;147
r;84471868;3250094;74657;0;147
r;9589823;307360;74657;0;147
r;9589821;307359;74657;0;147
r;9573677;290736;74657;0;147
r;9564005;282820;74657;0;147
r;9508313;222884;74657;0;147
r;9490551;205700;74657;0;147
r;9471355;194261;74657;0;147
r;9471353;194260;74657;0;147
r;9471351;194259;74657;0;147
r;9471349;194258;74657;0;147
r;9471346;194256;74657;0;147
r;9471345;194255;74657;0;147
r;9471343;194254;74657;0;147
r;9471340;194251;74657;0;147
r;9471338;194250;74657;0;147
r;9471336;194248;74657;0;147
r;9471335;194247;74657;0;147
r;9471334;194245;74657;0;147
r;9471328;194242;74657;0;147
r;1662020;194246;74657;0;147
r;1375193;194252;74657;0;147
r;9453486;183685;74657;0;146
r;9448111;180818;74657;0;146
r;9416209;118348;74657;0;144
r;135325;148105;74657;10;143
r;13775545;394863;74657;6;139
r;13775541;370455;74657;6;139
r;13775538;370443;74657;6;139
r;11527750;222644;74657;23;138
r;13775539;394861;74657;6;134
r;13775536;394859;74657;6;134
r;13775533;394857;74657;6;134
r;13775547;370458;74657;6;133
r;13775546;370448;74657;6;133
r;13775544;370447;74657;6;133
r;13775543;370456;74657;6;133
r;13775542;394862;74657;6;133
r;13775540;370444;74657;6;133
r;13775535;394858;74657;6;133
r;12186150;83368;74657;5;130
r;427614;37571;74657;0;130
r;54787785;29505;74657;5;128
r;13775537;394860;74657;6;127
r;13775534;370438;74657;6;127
r;90075241;29420;74657;0;125
r;90075220;29420;74657;35;125
r;82820535;81490;74657;6;125
r;719613;106869;74657;5;122
r;11607996;218238;74657;74;121
r;391175381;14921038;74657;5;120
r;2223451;92226;74657;0;120
r;220071417;1816244;74657;10;116
r;375345;1650;74657;0;112
r;12620630;370454;74657;0;110
r;149927;131228;74657;0;110
r;12620700;370437;74657;0;109
r;12620684;370441;74657;0;109
r;12620680;370442;74657;0;109
r;12620672;370444;74657;0;109
r;12620660;370447;74657;0;109
r;12620638;370452;74657;0;109
r;12620634;370453;74657;0;109
r;12620624;370455;74657;0;109
r;12620616;370457;74657;0;109
r;12620646;370450;74657;0;108
r;75543553;3156348;74657;0;107
r;12722890;345393;74657;0;107
r;11870001;56446;74657;0;107
r;11055537;51126;74657;10;107
r;12620668;370445;74657;0;106
r;12620652;370449;74657;0;106
r;12620620;370456;74657;0;106
r;12620612;370458;74657;0;106
r;12566242;383825;74657;0;106
r;391175271;14921038;74657;0;105
r;196002808;6912949;74657;10;105
r;12620676;370443;74657;0;105
r;1943163;229805;74657;0;105
r;323697;74657;74657;19;105
r;11876618;10845;74657;0;104
r;11864245;96209;74657;0;104
r;12620688;370440;74657;0;103
r;12620642;370451;74657;0;103
r;54816267;29505;74657;0;102
r;12620692;370439;74657;0;102
r;10622716;233133;74657;0;102
r;374425435;49712;74657;115;101
r;12620696;370438;74657;0;101
r;12620664;370446;74657;0;101
r;12620656;370448;74657;0;101
r;437851765;16605914;74657;0;100
r;437851754;16605913;74657;0;100
r;437851744;16605912;74657;13;100
r;437387788;16595343;74657;0;100
r;437387764;16595340;74657;0;100
r;437387754;16595339;74657;13;100
r;423945622;16168821;74657;0;100
r;423945613;16168820;74657;13;100
r;370368814;14573349;74657;13;100
r;367039254;14465541;74657;13;100
r;365211925;14380870;74657;13;100
r;1805444;229304;74657;0;100
r;182771;73827;74657;13;100
r;84570416;3177031;74657;6;99
r;13948532;282820;74657;6;99
r;10726217;222842;74657;0;99
r;71580783;55101;74657;6;98
r;247860;124919;74657;15;98
r;10479904;50869;74657;10;96
r;406025934;15266770;74657;10;95
r;108356498;283265;74657;6;94
r;722810;114288;74657;5;92
r;53823661;30084;74657;5;91
r;11933429;14850;74657;14;91
r;399025119;15359480;74657;10;90
r;403200243;15266771;74657;10;90
r;11566788;327623;74657;14;90
r;11564042;327492;74657;14;90
r;11560665;327313;74657;14;90
r;398008;159963;74657;14;90
r;366963;159187;74657;14;90
r;233804;158388;74657;14;90
r;54801849;54157;74657;5;89
r;133766;62726;74657;0;89
r;370368858;14573353;74657;0;88
r;370368825;14573350;74657;0;88
r;84444647;3332432;74657;6;88
r;598274;120733;74657;5;88
r;434920370;48501;74657;5;87
r;436619944;2388263;74657;6;85
r;407794709;79894;74657;10;85
r;406319536;9928893;74657;10;85
r;406108164;126613;74657;10;85
r;52452704;2550071;74657;6;84
r;452499;145790;74657;0;84
r;367039289;14465545;74657;0;83
r;367039265;14465542;74657;0;83
r;365211960;14380874;74657;0;82
r;365211936;14380871;74657;0;82
r;303986085;6384036;74657;6;81
r;91634982;2494182;74657;6;81
r;130800;43853;74657;0;81
r;406285496;247661;74657;10;80
r;406150345;86657;74657;10;80
r;368962796;11804948;74657;6;80
r;321871784;12321907;74657;0;80
r;91621262;2515790;74657;6;80
r;54751855;17977;74657;5;80
r;11513344;54794;74657;0;78
r;146462;43853;74657;15;78
r;120782002;307358;74657;0;77
r;436773558;2395786;74657;0;75
r;406235951;119584;74657;10;75
r;204899560;9136562;74657;0;75
r;91621265;20421;74657;6;75
r;53549201;15303;74657;5;75
r;437851823;16605918;74657;13;74
r;437851758;16605894;74657;13;74
r;1857181;213857;74657;13;74
r;437387774;16595341;74657;13;71
r;373040871;49337;74657;115;71
r;368453523;260608;74657;0;71
r;120669520;280489;74657;0;71
r;97746465;10246;74657;13;71
r;12776696;327492;74657;0;71
r;12396519;159187;74657;0;71
r;407744545;158389;74657;10;70
r;407669032;15117847;74657;0;70
r;406193091;15026319;74657;10;70
r;405246947;15351229;74657;5;70
r;405246909;15351229;74657;0;70
r;398269097;14944652;74657;0;70
r;312130709;280489;74657;5;70
r;204896101;6947595;74657;0;70
r;396903808;15215927;74657;0;70
r;396903862;15215927;74657;6;70
r;1682409;26735;74657;14;70
r;222376;98337;74657;14;70
r;201950;12704;74657;13;70
r;88970985;150308;74657;0;69
r;88952102;81490;74657;0;69
r;78280649;99220;74657;23;69
r;54642341;98382;74657;5;69
r;210665709;6947595;74657;5;67
r;15565559;120157;74657;0;67
r;9917774;220337;74657;0;67
r;267160;106869;74657;0;66
r;405700619;15080161;74657;0;65
r;253129843;10314012;74657;23;65
r;96715635;37194;74657;74;65
r;88971170;82003;74657;0;65
r;82820500;81490;74657;35;65
r;76961989;3182299;74657;0;65
r;75873829;3157695;74657;0;65
r;68735376;150308;74657;35;65
r;61239134;82003;74657;35;65
r;55132200;61801;74657;5;65
r;12319221;18562;74657;0;65
r;228351;18562;74657;5;65
r;88976941;142558;74657;0;64
r;2289483;114288;74657;0;64
r;75539494;3156330;74657;0;63
r;53549345;145790;74657;5;63
r;13932275;237445;74657;0;63
r;13820693;260820;74657;0;63
r;13567938;225847;74657;0;63
r;13411514;65081;74657;0;63
r;11242333;234036;74657;0;63
r;2177497;136786;74657;28;63
r;167732;43853;74657;10;63
r;162397;124919;74657;10;63
r;156586;120733;74657;0;63
r;370368833;14573351;74657;13;62
r;370368811;53223;74657;13;62
r;10551162;120157;74657;9;62
r;2185583;122409;74657;0;62
r;374282385;626;74657;115;61
r;372953036;14668711;74657;0;61
r;372939374;14159509;74657;0;61
r;372856034;14159503;74657;0;61
r;367039275;14465543;74657;13;61
r;367039251;37229;74657;13;61
r;365211946;14380872;74657;13;61
r;365211922;126612;74657;13;61
r;276162718;321070;74657;0;61
r;243174832;10186743;74657;0;61
r;29371763;1791168;74657;0;61
r;13952557;150;74657;74;61
r;437852466;16322123;74657;13;60
r;409563810;364788;74657;9;60
r;409563809;364788;74657;0;60
r;405680359;15080161;74657;9;60
r;398268986;14954780;74657;6;60
r;398268909;14954780;74657;0;60
r;358498130;14084066;74657;0;60
r;396953048;15215925;74657;0;60
r;396953133;15215925;74657;6;60
r;113084706;5753086;74657;0;60
r;103098610;4904133;74657;0;60
r;102358755;4901595;74657;0;60
r;102361527;4901600;74657;6;60
r;102358235;4901596;74657;0;60
r;88833189;3560146;74657;0;60
r;84553282;3180210;74657;0;60
r;82715603;114288;74657;6;60
r;28707827;142558;74657;35;60
r;12035411;330964;74657;0;60
r;11579845;328304;74657;14;60
r;11575204;327315;74657;0;60
r;11575198;327315;74657;14;60
r;11508000;142602;74657;0;60
r;11411091;317929;74657;0;60
r;10885827;248081;74657;0;60
r;1650017;191996;74657;0;60
r;1635492;192654;74657;0;60
r;463104;146033;74657;20;60
r;423250;163736;74657;14;60
r;411331;162445;74657;14;60
r;323698;94608;74657;19;60
r;198242;38361;74657;0;60
r;166408;25405;74657;13;60
r;146800;62726;74657;10;60
r;442651976;16605946;74657;0;59
r;442651974;16605947;74657;13;59
r;84548986;3180251;74657;6;59
r;84444648;3332432;74657;0;59
r;77267080;2379773;74657;6;59
r;52452703;2550071;74657;0;59
r;52448594;2558804;74657;0;59
r;32065185;307360;74657;6;59
r;14387012;329657;74657;0;59
r;11539876;325741;74657;0;59
r;105267043;4907577;74657;0;58
r;103039516;4908617;74657;6;58
r;102358876;4901599;74657;0;58
r;102359659;4901598;74657;0;58
r;102359845;4901601;74657;0;58
r;102415147;4903303;74657;6;58
r;88976272;8096;74657;0;58
r;13775703;394857;74657;0;58
r;13775689;394862;74657;0;58
r;11487875;115304;74657;0;58
r;434031;29173;74657;0;58
r;102377884;4902009;74657;6;57
r;102359660;4901598;74657;6;57
r;102358236;4901596;74657;6;57
r;102415367;4903304;74657;0;57
r;87484407;94608;74657;0;57
r;82715604;235064;74657;6;57
r;78694493;267642;74657;0;57
r;32735232;2244425;74657;19;57
r;23412764;18562;74657;35;57
r;14942401;139709;74657;13;57
r;13775700;394858;74657;0;57
r;10871940;55823;74657;0;57
r;1692252;11274;74657;0;57
r;234494;7393;74657;16;57
r;113084705;5753086;74657;6;56
r;103034740;4907534;74657;6;56
r;102358756;4901595;74657;6;56
r;102415368;4903304;74657;6;56
r;98684720;4326614;74657;0;56
r;84526486;3182860;74657;5;56
r;102413581;4903302;74657;0;56
r;102358649;4901602;74657;6;56
r;13777773;326373;74657;0;56
r;13414600;265837;74657;0;56
r;12124346;106869;74657;35;56
r;11633320;91794;74657;0;56
r;11625144;283634;74657;0;56
r;11482227;265277;74657;0;56
r;11399388;264881;74657;0;56
r;11375488;325731;74657;0;56
r;8864075;194243;74657;5;56
r;3080749;119942;74657;0;56
r;391199240;14940408;74657;0;55
r;361871364;14270756;74657;6;55
r;255660954;174176;74657;10;55
r;105267702;4907534;74657;0;55
r;84852586;3160054;74657;0;55
r;75021026;82003;74657;6;55
r;102358648;4901602;74657;0;55
r;28716494;1745426;74657;6;55
r;24972252;8096;74657;35;55
r;13775693;394861;74657;0;55
r;11637422;101018;74657;0;55
r;11581332;327287;74657;14;55
r;11405821;264908;74657;0;55
r;11382081;325728;74657;0;55
r;2245255;250346;74657;13;55
r;1651398;192000;74657;0;55
r;323694;59691;74657;19;55
r;103050092;4907577;74657;6;54
r;102358907;4901597;74657;0;54
r;102358908;4901597;74657;6;54
r;102361736;4901603;74657;6;54
r;102359846;4901601;74657;6;54
r;91425372;3654891;74657;0;54
r;78744291;87789;74657;0;54
r;78725108;391010;74657;0;54
r;78705927;391009;74657;0;54
r;52491195;2560561;74657;0;54
r;52460279;2534550;74657;0;54
r;13775698;394859;74657;0;54
r;11534282;265220;74657;0;54
r;11502045;325738;74657;0;54
r;11387795;264880;74657;0;54
r;2244133;194809;74657;0;54
r;2108760;32666;74657;28;54
r;1689410;192490;74657;0;54
r;105267084;4908617;74657;0;53
r;102361526;4901600;74657;0;53
r;102361735;4901603;74657;0;53
r;102415146;4903303;74657;0;53
r;84507901;3231954;74657;0;53
r;13379783;68439;74657;0;53
r;11629225;110773;74657;0;53
r;11395009;40733;74657;0;53
r;10889825;86640;74657;0;53
r;10879854;24956;74657;0;53
r;10610889;17559;74657;0;53
r;1668181;194814;74657;0;53
r;1629356;194816;74657;0;53
r;85741536;76714;74657;5;52
r;10966365;57875;74657;10;52
r;10619154;116477;74657;0;52
r;548848;15303;74657;0;52
r;447500278;16165983;74657;0;51
r;424995410;16165987;74657;0;51
r;423886219;16166457;74657;0;51
r;423873858;16165980;74657;0;51
r;423873743;16165992;74657;0;51
r;423873705;16165990;74657;0;51
r;423873678;16165993;74657;0;51
r;423873653;16165975;74657;0;51
r;423873438;16165976;74657;0;51
r;423873427;16165977;74657;0;51
r;423873399;16165973;74657;0;51
r;423713900;16163800;74657;0;51
r;423713865;16163804;74657;0;51
r;423713839;16163802;74657;0;51
r;423713813;16163799;74657;0;51
r;423713667;16163803;74657;0;51
r;423713631;16163801;74657;0;51
r;423713351;16163796;74657;0;51
r;423712605;16163795;74657;0;51
r;423639625;16163793;74657;0;51
r;423639593;16163794;74657;0;51
r;423639483;16163791;74657;0;51
r;423639375;16163789;74657;0;51
r;423639361;16163790;74657;0;51
r;423639335;16163788;74657;0;51
r;423639303;16163787;74657;0;51
r;423639196;16163785;74657;0;51
r;423638554;16163764;74657;0;51
r;423638408;16163765;74657;0;51
r;423637971;16163767;74657;0;51
r;423637677;16163766;74657;0;51
r;423636384;16163784;74657;0;51
r;423636430;16163781;74657;0;51
r;416132935;247040;74657;0;51
r;423636459;16163783;74657;0;51
r;423636480;16163778;74657;0;51
r;423636553;16163773;74657;0;51
r;423636594;16163776;74657;0;51
r;423636619;16163774;74657;0;51
r;423636629;16163772;74657;0;51
r;423636687;16163770;74657;0;51
r;423636761;16163771;74657;0;51
r;423637549;16163769;74657;0;51
r;423637585;16163768;74657;0;51
r;373294950;5094701;74657;0;51
r;373011775;144681;74657;115;51
r;372939120;3245297;74657;0;51
r;370522607;14304759;74657;0;51
r;366314816;8750133;74657;0;51
r;283145098;2276427;74657;0;51
r;179542109;2362700;74657;0;51
r;102377883;4902009;74657;0;51
r;97426011;600043;74657;23;51
r;78650584;183685;74657;6;51
r;53169732;2393387;74657;6;51
r;28367655;396247;74657;0;51
r;17778496;267524;74657;0;51
r;14780785;50889;74657;23;51
r;13775696;394860;74657;0;51
r;13775685;394863;74657;0;51
r;13024515;56921;74657;14;51
r;13011945;328089;74657;14;51
r;13009292;121724;74657;14;51
r;12994109;224570;74657;14;51
r;12993323;65893;74657;14;51
r;12985504;53223;74657;14;51
r;11368897;325736;74657;0;51
r;10879600;244620;74657;0;51
r;10619961;225916;74657;0;51
r;1979987;164229;74657;14;51
r;1808648;162445;74657;0;51
r;464347358;16165991;74657;0;50
r;464347305;16165981;74657;0;50
r;447386214;16165988;74657;0;50
r;444180811;15070285;74657;5;50
r;443016058;16165979;74657;0;50
r;442892978;16165978;74657;0;50
r;441212393;16165994;74657;0;50
r;441007640;16165989;74657;0;50
r;432769520;144317;74657;5;50
r;405534928;15309626;74657;13;50
r;404885493;15291873;74657;13;50
r;401121784;15047666;74657;10;50
r;398269080;14944652;74657;6;50
r;391098982;14950399;74657;5;50
r;195335714;9012753;74657;0;50
r;195335631;9012754;74657;0;50
r;55529559;2452825;74657;6;50
r;289323439;215024;74657;2000;49
r;91628290;20421;74657;0;49
r;61455576;2405473;74657;71;49
r;54237480;2410682;74657;0;49
r;14407631;70086;74657;0;49
r;88956810;83132;74657;0;48
r;1706637;194257;74657;5;48
r;85747144;76714;74657;0;47
r;62476350;2495470;74657;0;47
r;10615609;71624;74657;0;47
r;405809001;15309627;74657;13;46
r;361871498;92766;74657;0;46
r;102358877;4901599;74657;6;46
r;91490365;578628;74657;35;46
r;102413582;4903302;74657;6;46
r;444180738;15070285;74657;0;45
r;436773509;2395786;74657;6;45
r;432769404;144317;74657;0;45
r;407708852;15433835;74657;0;45
r;405535242;15309629;74657;13;45
r;404688559;15309628;74657;13;45
r;398268922;14954780;74657;5;45
r;391098818;14950399;74657;0;45
r;361871333;92766;74657;35;45
r;210542529;6947595;74657;333;45
r;91621295;20421;74657;35;45
r;76962000;3182299;74657;6;45
r;76961982;83132;74657;35;45
r;62506100;2497377;74657;6;45
r;24968879;122409;74657;35;45
r;1891002;217399;74657;0;45
r;1557699;215024;74657;0;45
r;88973170;139545;74657;0;44
r;8543525;108912;74657;15;44
r;212494170;9136782;74657;0;43
r;108356496;3161639;74657;6;43
r;97745513;252259;74657;13;43
r;88957862;235064;74657;0;43
r;289323438;215023;74657;2000;42
r;125435717;192608;74657;6;42
r;97862257;230989;74657;14;42
r;55186964;2601316;74657;0;42
r;53108808;2390738;74657;6;42
r;31546762;1956768;74657;6;42
r;399085530;248918;74657;13;41
r;289472207;30536;74657;14;41
r;212515300;8911229;74657;0;41
r;52448595;2558804;74657;6;41
r;30170350;1791168;74657;6;41
r;1587351;213545;74657;0;41
r;428349248;15454086;74657;13;40
r;412924647;15301138;74657;10;40
r;405178048;14962495;74657;28;40
r;404886215;15244997;74657;13;40
r;404549778;15454087;74657;13;40
r;404408613;82148;74657;13;40
r;402413719;15215926;74657;6;40
r;402413718;15215926;74657;0;40
r;402303479;15203879;74657;13;40
r;397677142;15282443;74657;13;40
r;373527509;14688834;74657;0;40
r;396996961;15323342;74657;13;40
r;84547115;3180255;74657;6;40
r;76024013;235064;74657;35;40
r;55186961;139545;74657;35;40
r;31838579;290736;74657;6;40
r;31546283;1956768;74657;0;40
r;24334269;307359;74657;6;40
r;11323330;218648;74657;28;40
r;11315918;5955;74657;28;40
r;435419;122367;74657;0;40
r;419583544;16035013;74657;0;39
r;418267163;16055004;74657;0;39
r;418267154;16055003;74657;0;39
r;82896817;167971;74657;6;39
r;82715600;2396626;74657;6;39
r;53108807;2390738;74657;0;39
r;33827819;370437;74657;6;39
r;11331317;13943;74657;28;39
r;11331316;230938;74657;28;39
r;11331315;20564;74657;28;39
r;355052417;2461482;74657;0;38
r;212353048;9136533;74657;5;38
r;11336183;34148;74657;28;38
r;11336182;52255;74657;28;38
r;11336181;112137;74657;28;38
r;11336180;123492;74657;28;38
r;11335199;29786;74657;28;38
r;11335198;92226;74657;28;38
r;214030959;273420;74657;27;37
r;97745511;164508;74657;13;37
r;96662185;83132;74657;6;37
r;76024298;3161654;74657;0;37
r;59260923;61801;74657;0;37
r;53179407;2393387;74657;0;37
r;1889949;110231;74657;23;37
r;319150100;260032;74657;14;36
r;214030958;273420;74657;0;36
r;97568417;157007;74657;0;36
r;82715602;245478;74657;6;36
r;31598411;222884;74657;6;36
r;12356946;83368;74657;0;36
r;431269713;15402014;74657;13;35
r;431269446;15402015;74657;13;35
r;431269181;15402016;74657;13;35
r;431268906;186630;74657;13;35
r;431030305;186631;74657;13;35
r;404892849;15282446;74657;13;35
r;398136910;75655;74657;6;35
r;391092292;14947725;74657;6;35
r;330705909;6825581;74657;27;35
r;330705908;6825581;74657;0;35
r;312137480;9136782;74657;5;35
r;212534549;6905796;74657;6;35
r;212352956;9136533;74657;0;35
r;121074498;6526881;74657;0;35
r;114207403;63568;74657;9;35
r;98685164;609594;74657;14;35
r;97862542;241775;74657;14;35
r;97747255;225252;74657;13;35
r;94040171;133845;74657;0;35
r;90388060;3579718;74657;6;35
r;82896506;2437186;74657;6;35
r;82715601;2526472;74657;6;35
r;82715599;149053;74657;6;35
r;82715598;1655832;74657;6;35
r;68737275;2840375;74657;6;35
r;61276238;2484131;74657;6;35
r;61000147;2483074;74657;0;35
r;55900907;2472541;74657;6;35
r;55187115;2601316;74657;6;35
r;28707832;1745426;74657;0;35
r;11366675;326355;74657;0;35
r;10107286;225934;74657;10;35
r;9073626;321601;74657;5;35
r;2245243;250346;74657;0;35
r;2112468;245478;74657;0;35
r;97747035;135139;74657;13;34
r;96850366;13369;74657;0;34
r;90075234;3579718;74657;0;34
r;83122144;52590;74657;6;34
r;50460878;2365749;74657;0;34
r;9973122;36886;74657;9;34
r;1557637;215018;74657;0;34
r;435969916;15422670;74657;13;33
r;435969642;15422671;74657;13;33
r;435969368;15422672;74657;13;33
r;309418527;1573170;74657;5;33
r;309415855;1482393;74657;5;33
r;309393506;658961;74657;5;33
r;309377824;600108;74657;5;33
r;309318498;593629;74657;5;33
r;309307225;591749;74657;5;33
r;309293985;589414;74657;5;33
r;309268322;578627;74657;5;33
r;309245431;453095;74657;5;33
r;309233288;439857;74657;5;33
r;248663609;2494182;74657;0;33
r;245001828;2515790;74657;0;33
r;54237481;2410682;74657;6;33
r;29786079;1824139;74657;0;33
r;390411266;14929061;74657;333;32
r;196035678;6798394;74657;10;32
r;108356594;309988;74657;6;32
r;108356593;3161080;74657;6;32
r;97747263;233198;74657;13;32
r;97360919;3366;74657;5;32
r;97151681;58768;74657;0;32
r;82889015;2488704;74657;6;32
r;319150004;5115;74657;14;31
r;310228467;115369;74657;14;31
r;120669510;2096883;74657;0;31
r;120669502;5870930;74657;0;31
r;190706747;73827;74657;14;31
r;78293169;33882;74657;13;31
r;55249128;2440514;74657;6;31
r;31736823;1969857;74657;0;31
r;15215809;36482;74657;27;31
r;15153797;46057;74657;27;31
r;10660904;16747;74657;10;31
r;10376453;139779;74657;10;31
r;9358807;154657;74657;0;31
r;1632028;220191;74657;0;31
r;478970870;11008328;74657;10;30
r;456831012;15431781;74657;13;30
r;449297633;15442431;74657;28;30
r;449297537;15442432;74657;28;30
r;449143028;15402017;74657;13;30
r;449142656;15402018;74657;13;30
r;442277143;15314438;74657;13;30
r;435948441;15706361;74657;28;30
r;431379111;3971273;74657;28;30
r;414670443;15420387;74657;28;30
r;414625794;15332343;74657;28;30
r;414625724;15413799;74657;28;30
r;413620981;15413798;74657;28;30
r;413415152;15424260;74657;28;30
r;413414737;15424259;74657;28;30
r;412973738;14926957;74657;28;30
r;412973666;14926956;74657;28;30
r;412973599;15332348;74657;28;30
r;412973522;15071496;74657;28;30
r;412973455;15332346;74657;28;30
r;412973388;15332344;74657;28;30
r;412850580;262523;74657;28;30
r;412260124;262524;74657;28;30
r;411870454;390955;74657;13;30
r;411278931;15246831;74657;28;30
r;411278295;15420388;74657;28;30
r;409411491;266370;74657;13;30
r;405535687;15750964;74657;0;30
r;405187477;15282442;74657;13;30
r;404886058;15396328;74657;13;30
r;404885776;15291874;74657;13;30
r;390411274;14952183;74657;333;30
r;413675107;15413800;74657;28;30
r;370368854;14573353;74657;6;30
r;367039304;131717;74657;28;30
r;361871502;92766;74657;6;30
r;347705462;105814;74657;13;30
r;338238163;228624;74657;14;30
r;338238162;80199;74657;14;30
r;330155967;12791689;74657;10;30
r;310179953;453095;74657;0;30
r;232510952;6681658;74657;13;30
r;212339088;405965;74657;10;30
r;190719016;213856;74657;13;30
r;396995168;15323340;74657;13;30
r;396995305;15323341;74657;13;30
r;396995515;4332872;74657;13;30
r;98811967;214536;74657;13;30
r;98685229;231;74657;14;30
r;97862893;24646;74657;14;30
r;97862892;847;74657;14;30
r;97862530;7393;74657;14;30
r;97862256;227757;74657;14;30
r;97747265;178926;74657;13;30
r;97747264;101610;74657;13;30
r;97747262;76181;74657;13;30
r;97747261;26142;74657;13;30
r;97747260;12112;74657;13;30
r;97747259;49739;74657;13;30
r;97747258;104396;74657;13;30
r;97747257;53455;74657;13;30
r;97747256;87091;74657;13;30
r;97747254;7886;74657;13;30
r;97747253;2234;74657;13;30
r;97747036;239520;74657;13;30
r;97747034;161875;74657;13;30
r;97747033;27636;74657;13;30
r;97747032;94345;74657;13;30
r;97746288;119520;74657;13;30
r;97745512;239317;74657;13;30
r;97745510;161255;74657;13;30
r;97745509;151440;74657;13;30
r;97659194;2348209;74657;5;30
r;97440797;600109;74657;0;30
r;97408832;10369;74657;23;30
r;97144148;16964;74657;13;30
r;91621316;3682533;74657;0;30
r;91470215;139868;74657;0;30
r;83557355;3316379;74657;0;30
r;27802087;270454;74657;0;30
r;27802086;260609;74657;0;30
r;25671477;135479;74657;115;30
r;25671365;37298;74657;115;30
r;15804278;224422;74657;13;30
r;15013445;130164;74657;13;30
r;15007513;43601;74657;13;30
r;15001444;2442;74657;13;30
r;14995253;140318;74657;13;30
r;14991971;124600;74657;13;30
r;14984648;115440;74657;13;30
r;14973125;251694;74657;13;30
r;14961675;43253;74657;13;30
r;14948772;259820;74657;13;30
r;14937573;47918;74657;13;30
r;14932561;112239;74657;13;30
r;11101551;241352;74657;10;30
r;10602955;49293;74657;0;30
r;10602954;74860;74657;0;30
r;3099213;227756;74657;14;30
r;2516415;262268;74657;13;30
r;2309491;124550;74657;14;30
r;2244281;239898;74657;14;30
r;2104387;225253;74657;13;30
r;2037322;73183;74657;14;30
r;2034165;126425;74657;14;30
r;2013742;32264;74657;14;30
r;1890525;122409;74657;13;30
r;1570646;213545;74657;10;30
r;803690;91682;74657;0;30
r;310010620;600108;74657;0;29
r;212111795;94431;74657;10;29
r;97659235;2348209;74657;0;29
r;97375002;142558;74657;6;29
r;91470217;3597049;74657;0;29
r;85611655;78647;74657;5;29
r;68737171;2840375;74657;0;29
r;54932813;17977;74657;0;29
r;33830351;370451;74657;6;29
r;33829639;370454;74657;6;29
r;33829016;370440;74657;6;29
r;33828960;370442;74657;6;29
r;33828936;370457;74657;6;29
r;33828314;370446;74657;6;29
r;33828251;370445;74657;6;29
r;33828031;370453;74657;6;29
r;33827884;370452;74657;6;29
r;33827795;370450;74657;6;29
r;33827306;370449;74657;6;29
r;33827111;370439;74657;6;29
r;33826993;370441;74657;6;29
r;29304920;36886;74657;0;29
r;25907316;1636805;74657;0;29
r;25844355;1636805;74657;10;29
r;21120770;144222;74657;0;29
r;15579392;152125;74657;0;29
r;14735759;330215;74657;23;29
r;2410022;154657;74657;35;29
r;350564234;13817571;74657;6;28
r;310149595;578627;74657;0;28
r;310106844;591749;74657;0;28
r;210491917;6912949;74657;0;28
r;120782011;6382369;74657;0;28
r;104619950;60378;74657;0;28
r;97859860;139868;74657;5;28
r;97409415;55222;74657;23;28
r;97408828;237782;74657;23;28
r;83557341;91682;74657;35;28
r;15286786;46057;74657;0;28
r;14719757;102934;74657;23;28
r;12843960;51126;74657;0;28
r;8801340;146033;74657;0;28
r;2522918;233008;74657;10;28
r;1570800;215896;74657;10;28
r;395324471;14921038;74657;333;27
r;395324469;14945721;74657;333;27
r;108356437;797835;74657;6;27
r;97409414;48496;74657;23;27
r;96918577;91682;74657;5;27
r;96687393;3343185;74657;0;27
r;87712860;2244425;74657;0;27
r;85742983;83750;74657;0;27
r;83121901;91682;74657;6;27
r;54707669;98382;74657;0;27
r;30900306;71539;74657;27;27
r;15727692;153845;74657;0;27
r;15415312;28663;74657;0;27
r;15179142;117095;74657;27;27
r;14746064;51054;74657;23;27
r;12162849;321601;74657;0;27
r;472828503;15350975;74657;6;26
r;470484440;17329822;74657;6;26
r;367039905;14465548;74657;6;26
r;356463579;14084094;74657;6;26
r;328024047;9136782;74657;72;26
r;316545700;12201496;74657;6;26
r;316545636;12201510;74657;6;26
r;316545511;12201533;74657;6;26
r;316541537;12202151;74657;6;26
r;315548497;12103171;74657;6;26
r;315548490;12103172;74657;6;26
r;315548472;12103174;74657;6;26
r;315548465;12103175;74657;6;26
r;315548456;12103176;74657;6;26
r;315548442;12103178;74657;6;26
r;315548435;12103179;74657;6;26
r;315111762;12080639;74657;6;26
r;315111757;12080640;74657;6;26
r;311850291;280489;74657;72;26
r;315485601;12110330;74657;6;26
r;315485596;12110331;74657;6;26
r;303934053;6382369;74657;6;26
r;301511899;6344139;74657;6;26
r;315485608;12110329;74657;6;26
r;289351766;3245297;74657;2000;26
r;279740680;11035076;74657;6;26
r;279740679;11035076;74657;0;26
r;315485613;12110328;74657;6;26
r;210562942;6947595;74657;72;26
r;184618492;6797233;74657;0;26
r;120782006;6392036;74657;0;26
r;97677302;139545;74657;6;26
r;97408833;106869;74657;23;26
r;83122145;2560882;74657;6;26
r;82820503;3303773;74657;0;26
r;81977198;59691;74657;0;26
r;55625867;2457946;74657;6;26
r;30900307;71539;74657;0;26
r;27776003;270454;74657;5;26
r;27776001;215018;74657;5;26
r;27775998;245478;74657;5;26
r;11298777;326146;74657;10;26
r;1557689;215023;74657;0;26
r;475869533;94608;74657;170;25
r;467929722;15413802;74657;28;25
r;467929624;15413803;74657;28;25
r;467929526;15413804;74657;28;25
r;467929428;15413805;74657;28;25
r;467929330;15413806;74657;28;25
r;467929232;15413807;74657;28;25
r;467880839;15332340;74657;28;25
r;442689592;16605947;74657;0;25
r;437852456;16322124;74657;0;25
r;437851761;16605914;74657;6;25
r;437851760;16605895;74657;0;25
r;437851750;16605913;74657;6;25
r;437851747;16605912;74657;0;25
r;437851742;213857;74657;0;25
r;437387784;16595343;74657;6;25
r;437387781;16595342;74657;0;25
r;437387760;16595340;74657;6;25
r;437387757;16595339;74657;0;25
r;437387752;10246;74657;0;25
r;425790982;16235874;74657;0;25
r;425790979;79806;74657;35;25
r;423945618;16168821;74657;6;25
r;423945616;16168820;74657;0;25
r;423945611;73827;74657;0;25
r;416015558;14929061;74657;0;25
r;416015556;14954781;74657;0;25
r;416015554;14952183;74657;0;25
r;416015552;14954782;74657;0;25
r;415493381;14945721;74657;0;25
r;405246771;14940447;74657;5;25
r;405246609;15254714;74657;5;25
r;405246100;14922377;74657;5;25
r;405245915;6905091;74657;5;25
r;396540787;14938990;74657;0;25
r;390411277;14954782;74657;333;25
r;390411270;14954781;74657;333;25
r;385466811;103405;74657;115;25
r;385298269;90830;74657;115;25
r;384109434;35143;74657;27;25
r;373851317;140100;74657;0;25
r;370368843;14573352;74657;0;25
r;370368835;14573351;74657;0;25
r;370368821;14573350;74657;6;25
r;370368817;14573349;74657;0;25
r;370368812;53223;74657;0;25
r;367039285;14465545;74657;6;25
r;367039282;14465544;74657;0;25
r;367039261;14465542;74657;6;25
r;367039257;14465541;74657;0;25
r;367039252;37229;74657;0;25
r;365211956;14380874;74657;6;25
r;365211953;14380873;74657;0;25
r;365211932;14380871;74657;6;25
r;365211928;14380870;74657;0;25
r;365211923;126612;74657;0;25
r;364937575;12704;74657;0;25
r;361871341;14270756;74657;0;25
r;350564233;13817571;74657;0;25
r;349633557;13817571;74657;35;25
r;311793762;9136782;74657;333;25
r;310120443;589414;74657;0;25
r;288419026;1595;74657;0;25
r;288417304;11249867;74657;0;25
r;288184945;11249872;74657;0;25
r;288184942;11249867;74657;35;25
r;418031219;2560882;74657;0;24
r;390555995;7256380;74657;0;24
r;369273806;13792806;74657;0;24
r;310440792;1395235;74657;0;24
r;309630580;1573170;74657;0;24
r;97865263;83368;74657;23;24
r;97408831;82003;74657;23;24
r;97408829;237771;74657;23;24
r;15202631;28663;74657;27;24
r;14760922;122864;74657;23;24
r;14447301;422572;74657;0;24
r;471754004;14374498;74657;13;23
r;418037396;44256;74657;0;23
r;418000077;30511;74657;0;23
r;417978929;167890;74657;0;23
r;184620645;141814;74657;0;23
r;98302810;150308;74657;6;23
r;96653769;29420;74657;6;23
r;85641649;78647;74657;0;23
r;15377366;117095;74657;0;23
r;14774423;1384;74657;23;23
r;471754005;14374500;74657;13;22
r;418341730;16058086;74657;0;22
r;418328673;16057538;74657;0;22
r;418209867;96289;74657;0;22
r;418178305;16050504;74657;0;22
r;418118108;167977;74657;0;22
r;418073559;16044231;74657;0;22
r;416759569;50869;74657;0;22
r;359706312;14159510;74657;0;22
r;359706192;14159502;74657;0;22
r;154165597;6800353;74657;10;22
r;125432634;192611;74657;6;22
r;125419136;192477;74657;6;22
r;125375058;192610;74657;6;22
r;98821190;599490;74657;23;22
r;97408827;141168;74657;23;22
r;97360914;3366;74657;0;22
r;61606255;140429;74657;0;22
r;61606254;140429;74657;27;22
r;54804505;54157;74657;0;22
r;10496703;103311;74657;10;22
r;10486432;95422;74657;10;22
r;471350123;15418905;74657;0;21
r;418369467;16059281;74657;0;21
r;418288600;16055932;74657;0;21
r;418267206;16055006;74657;0;21
r;416922686;126613;74657;0;21
r;413718809;119584;74657;0;21
r;310092346;593629;74657;0;21
r;309988828;658961;74657;0;21
r;97458882;55101;74657;0;21
r;97408830;88096;74657;23;21
r;96926841;18562;74657;6;21
r;96690475;106869;74657;6;21
r;55249127;2440514;74657;0;21
r;53825195;30084;74657;0;21
r;449305380;15396164;74657;10;20
r;449305379;15396164;74657;0;20
r;444489653;15088586;74657;10;20
r;444434999;15047672;74657;0;20
r;433143825;35143;74657;0;20
r;428730048;15266771;74657;0;20
r;416888107;15266770;74657;0;20
r;416847475;86657;74657;0;20
r;416835009;247661;74657;0;20
r;407932851;9938548;74657;10;20
r;405246734;14940447;74657;0;20
r;405246571;15254714;74657;0;20
r;405246408;15753576;74657;0;20
r;405246245;15753575;74657;0;20
r;405246062;14922377;74657;0;20
r;405245877;6905091;74657;0;20
r;405245713;15443735;74657;0;20
r;405245550;15443736;74657;0;20
r;470484439;17329822;74657;0;19
r;10392236;108463;74657;10;19
r;10097754;77424;74657;10;19
r;472828502;15350975;74657;0;18
r;417668134;15024430;74657;0;18
r;15439725;36482;74657;0;18
r;425222048;398564;74657;10;17
r;11063329;126388;74657;10;17
r;10506776;83944;74657;10;17
r;438930637;2482908;74657;0;16
r;417753916;120910;74657;0;16
r;273979482;221983;74657;0;16
r;24574896;1483990;74657;0;16
r;11085649;152844;74657;10;16
r;11073147;228289;74657;10;16
r;10465488;221019;74657;10;16
r;472951112;15397529;74657;0;15
r;441836284;2487815;74657;6;15
r;441691679;2482826;74657;0;15
r;441691630;2482826;74657;6;15
r;441691466;2482908;74657;6;15
r;441679548;2569815;74657;0;15
r;441676933;2487815;74657;0;15
r;431873092;215551;74657;0;15
r;426688644;79806;74657;0;15
r;390584886;7256380;74657;27;15
r;309951086;1482393;74657;0;15
r;288417317;1595;74657;35;15
r;98661513;674336;74657;23;15
r;96685052;3343185;74657;10;15
r;55625866;2457946;74657;0;15
r;10452266;240720;74657;10;15
r;10441580;219363;74657;10;15
r;10424201;109785;74657;10;15
r;418020264;14753;74657;0;14
r;10408270;126285;74657;10;14
r;10338612;107477;74657;10;14
r;10331682;140715;74657;10;14
r;418069001;32694;74657;0;13
r;418065946;107545;74657;0;13
r;418061104;167953;74657;0;13
r;418052401;2180418;74657;0;13
r;418052392;2495094;74657;0;13
r;418020735;1924268;74657;0;13
r;418020729;16042170;74657;0;13
r;418020259;78670;74657;0;13
r;418020249;42293;74657;0;13
r;418002677;146971;74657;0;13
r;315111761;12080639;74657;0;13
r;315111756;12080640;74657;0;13
r;9902732;10078;74657;0;13
r;419702209;15215933;74657;0;12
r;418338998;16057965;74657;0;12
r;418267169;106059;74657;0;12
r;418197163;2443578;74657;0;12
r;418194192;566572;74657;0;12
r;418177488;21062;74657;0;12
r;418134064;2043162;74657;0;12
r;418113037;105991;74657;0;12
r;418082694;423887;74657;0;12
r;417714837;108748;74657;0;12
r;417714828;16030835;74657;0;12
r;417714821;97621;74657;0;12
r;10321343;145953;74657;10;12
r;10284428;116980;74657;10;12
r;440041996;2551826;74657;0;11
r;439757401;2533182;74657;0;11
r;438965570;2490390;74657;0;11
r;438962232;2489986;74657;0;11
r;418365479;41608;74657;0;11
r;418313415;2620;74657;0;11
r;418313394;20571;74657;0;11
r;418293390;4907569;74657;0;11
r;418289057;16055950;74657;0;11
r;418289048;2494681;74657;0;11
r;418289039;67448;74657;0;11
r;416919626;9928893;74657;0;11
r;438190628;2445027;74657;0;11
r;331743965;439857;74657;0;11
r;121032150;6451679;74657;0;11
r;10276969;96211;74657;10;11
r;10262326;34898;74657;10;11
r;9972597;124919;74657;0;11
r;469483317;17317229;74657;777;10
r;468050961;15290285;74657;13;10
r;467958392;15452086;74657;13;10
r;467896235;14606397;74657;23;10
r;451539019;14537441;74657;777;10
r;451539017;14537440;74657;777;10
r;445794226;7053316;74657;0;10
r;441834254;2569815;74657;6;10
r;441720107;2367440;74657;0;10
r;441698211;2445027;74657;6;10
r;441697481;2452794;74657;0;10
r;441697428;2452794;74657;6;10
r;441695246;2460880;74657;0;10
r;441695193;2460880;74657;6;10
r;441693866;2467134;74657;0;10
r;441693814;2467134;74657;6;10
r;441692531;2478290;74657;0;10
r;441692482;2478290;74657;6;10
r;441689561;2489986;74657;6;10
r;441689197;2490390;74657;6;10
r;441688709;2494934;74657;0;10
r;441688238;2500096;74657;0;10
r;441684272;2534207;74657;0;10
r;441680998;2561943;74657;0;10
r;441680530;2565418;74657;0;10
r;441679732;2568393;74657;0;10
r;441679376;2570791;74657;0;10
r;441671219;14924381;74657;0;10
r;441671145;14924380;74657;0;10
r;441671080;64262;74657;0;10
r;437325220;16593153;74657;777;10
r;436243386;16531116;74657;777;10
r;436243384;16531115;74657;777;10
r;436243382;16531114;74657;777;10
r;435948837;15282441;74657;13;10
r;435683585;567416;74657;777;10
r;433483684;16437158;74657;777;10
r;433019052;15098378;74657;0;10
r;433008380;16390959;74657;777;10
r;433008379;16390958;74657;777;10
r;433008378;16390957;74657;777;10
r;432526753;15026319;74657;0;10
r;432518809;158389;74657;0;10
r;431004269;15314437;74657;13;10
r;430985912;15384693;74657;28;10
r;430954910;1805479;74657;28;10
r;423138107;16143337;74657;777;10
r;423138105;16143336;74657;777;10
r;423138103;38505;74657;777;10
r;423138101;16143335;74657;777;10
r;423138099;10833724;74657;777;10
r;423138097;429252;74657;777;10
r;423138095;14488746;74657;777;10
r;420631098;2098970;74657;777;10
r;420631096;15942631;74657;777;10
r;420631094;101474;74657;777;10
r;420217038;16103570;74657;777;10
r;410274029;15786935;74657;777;10
r;410274027;10789222;74657;777;10
r;410274025;15786934;74657;777;10
r;410274023;45776;74657;777;10
r;410274021;15786933;74657;777;10
r;410274019;31900;74657;777;10
r;408894875;15323337;74657;13;10
r;408841625;152248;74657;6;10
r;408778700;15197734;74657;10;10
r;408733376;15197734;74657;0;10
r;408729042;15197733;74657;10;10
r;408683713;15197733;74657;0;10
r;408679376;15197732;74657;10;10
r;408634049;15197732;74657;0;10
r;408600981;15080160;74657;9;10
r;408592508;15080160;74657;0;10
r;405396266;15582651;74657;13;10
r;405038933;15291872;74657;13;10
r;405037356;15364653;74657;13;10
r;404893363;3768190;74657;13;10
r;404893206;15278810;74657;13;10
r;400064798;144333;74657;777;10
r;400064796;14752424;74657;777;10
r;397955445;15322907;74657;13;10
r;402069932;5536212;74657;777;10
r;392357727;15039566;74657;777;10
r;392357723;15039565;74657;777;10
r;375007958;143654;74657;777;10
r;375007956;14752049;74657;777;10
r;369625481;14541157;74657;777;10
r;369625479;14541156;74657;777;10
r;367859054;14476896;74657;777;10
r;367851948;11407903;74657;777;10
r;360576753;14180611;74657;777;10
r;356254204;14084119;74657;777;10
r;354267580;3350734;74657;777;10
r;352792298;401094;74657;777;10
r;352792297;1989488;74657;777;10
r;346293413;13644537;74657;777;10
r;346293411;11374705;74657;777;10
r;336654903;13198858;74657;777;10
r;325241928;12692956;74657;777;10
r;319559264;12302511;74657;777;10
r;318723025;12268027;74657;777;10
r;316225866;12197752;74657;777;10
r;308463360;4335198;74657;777;10
r;308463180;11955132;74657;777;10
r;304482434;11808008;74657;777;10
r;301594071;11755882;74657;777;10
r;300417117;11697602;74657;777;10
r;296588042;4901156;74657;777;10
r;293442153;11409461;74657;777;10
r;291371634;6346229;74657;777;10
r;283824084;364788;74657;777;10
r;283824083;1766559;74657;777;10
r;283430115;2606470;74657;777;10
r;283430113;11150904;74657;777;10
r;283257523;11146896;74657;777;10
r;283257521;11146895;74657;777;10
r;281835036;11105649;74657;777;10
r;279740252;11035077;74657;777;10
r;274338629;10913839;74657;777;10
r;229359517;10060288;74657;777;10
r;229359515;10060287;74657;777;10
r;226871088;10044363;74657;777;10
r;213720748;405965;74657;0;10
r;209843711;8571113;74657;777;10
r;196703841;9039605;74657;777;10
r;196703839;9039604;74657;777;10
r;196703837;5831720;74657;777;10
r;196703835;2497849;74657;777;10
r;220432983;9946701;74657;777;10
r;114319839;5873378;74657;777;10
r;114319837;275002;74657;777;10
r;114319835;123408;74657;777;10
r;114278513;5872121;74657;777;10
r;114268215;5871557;74657;777;10
r;114268176;5871555;74657;777;10
r;114268135;5871554;74657;777;10
r;114268118;5871553;74657;777;10
r;113886211;5534862;74657;777;10
r;113027010;42188;74657;777;10
r;112701809;426445;74657;777;10
r;112686046;5786841;74657;777;10
r;112224144;5720558;74657;777;10
r;111660646;5685613;74657;777;10
r;111181499;5671278;74657;777;10
r;111122992;5669513;74657;777;10
r;111114475;5669162;74657;777;10
r;110822234;5629856;74657;777;10
r;110765595;5626277;74657;777;10
r;110692874;5622509;74657;777;10
r;110500999;5610983;74657;777;10
r;102360168;4907577;74657;777;10
r;98053886;19356;74657;10;10
r;88330727;14753;74657;777;10
r;87381182;3425017;74657;777;10
r;86898585;3385495;74657;777;10
r;77930243;391542;74657;777;10
r;77827417;70341;74657;777;10
r;77090047;3184574;74657;777;10
r;77085451;70459;74657;777;10
r;76980987;3183270;74657;777;10
r;76980985;3183269;74657;777;10
r;76500720;405637;74657;777;10
r;76500718;401033;74657;777;10
r;76118237;2601675;74657;777;10
r;76025433;2369152;74657;777;10
r;76006075;3161080;74657;777;10
r;72886255;2952926;74657;777;10
r;72860070;2952638;74657;777;10
r;72329301;383713;74657;777;10
r;72329300;39899;74657;777;10
r;71742677;2872080;74657;777;10
r;71254882;2521627;74657;777;10
r;59537776;2479120;74657;777;10
r;54438560;2588282;74657;777;10
r;54438558;2419041;74657;777;10
r;50157953;2360858;74657;777;10
r;48137165;184396;74657;777;10
r;30719670;1906789;74657;777;10
r;30719668;1906604;74657;777;10
r;29572176;606193;74657;777;10
r;29572174;3129;74657;777;10
r;29570214;111535;74657;777;10
r;29434412;1796447;74657;777;10
r;28964847;112538;74657;777;10
r;28772752;1748630;74657;777;10
r;28509759;252046;74657;777;10
r;28441034;222029;74657;777;10
r;28229243;176841;74657;777;10
r;28186468;153677;74657;777;10
r;28186466;275605;74657;777;10
r;28186464;275603;74657;777;10
r;23627500;797835;74657;777;10
r;20904565;270013;74657;777;10
r;19137424;102878;74657;777;10
r;19024649;644511;74657;777;10
r;18448734;247650;74657;777;10
r;18220886;149083;74657;777;10
r;18220884;86974;74657;777;10
r;17778222;574105;74657;777;10
r;17606649;572376;74657;777;10
r;17606647;572375;74657;777;10
r;17509318;419511;74657;777;10
r;17447652;414000;74657;777;10
r;17444873;413716;74657;777;10
r;17429352;412614;74657;777;10
r;17173411;382363;74657;777;10
r;10267636;233138;74657;10;10
r;10246225;142086;74657;10;10
r;9971300;148105;74657;0;10
r;9973004;17559;74657;9;10
r;9155805;323197;74657;777;10
r;9155804;92156;74657;777;10
r;8530455;312137;74657;777;10
r;8513159;247340;74657;777;10
r;8442772;253572;74657;777;10
r;8423008;193012;74657;777;10
r;8406971;237755;74657;777;10
r;8327974;216964;74657;777;10
r;8327973;310160;74657;777;10
r;8309049;192477;74657;777;10
r;8309048;309988;74657;777;10
r;8245257;192987;74657;777;10
r;8245256;309520;74657;777;10
r;8213323;183625;74657;777;10
r;8165234;194166;74657;777;10
r;8061982;174930;74657;777;10
r;8034481;193882;74657;777;10
r;8034480;307315;74657;777;10
r;8034479;273800;74657;777;10
r;7997601;193017;74657;777;10
r;7997574;193015;74657;777;10
r;7990312;192307;74657;777;10
r;7886387;170811;74657;777;10
r;7760630;135184;74657;777;10
r;7611848;121354;74657;777;10
r;7611847;63348;74657;777;10
r;7480899;110663;74657;777;10
r;7135629;70716;74657;777;10
r;7135628;298585;74657;777;10
r;6986061;54702;74657;777;10
r;6813277;29867;74657;777;10
r;6716805;18919;74657;777;10
r;6659303;293811;74657;777;10
r;6659302;26095;74657;777;10
r;6614875;146220;74657;777;10
r;6614874;108392;74657;777;10
r;6603437;194670;74657;777;10
r;6480886;95230;74657;777;10
r;6459956;130274;74657;777;10
r;6432204;230153;74657;777;10
r;6354161;23720;74657;777;10
r;6297378;11415;74657;777;10
r;6297377;217440;74657;777;10
r;6297376;222666;74657;777;10
r;6218665;12341;74657;777;10
r;6218664;289521;74657;777;10
r;6218663;289520;74657;777;10
r;5049861;268887;74657;777;10
r;4927920;148495;74657;777;10
r;4885227;192610;74657;777;10
r;4885226;283265;74657;777;10
r;4840034;41199;74657;777;10
r;4840033;282919;74657;777;10
r;4796990;137436;74657;777;10
r;4796989;282580;74657;777;10
r;4776796;192613;74657;777;10
r;4753364;282211;74657;777;10
r;4753363;18629;74657;777;10
r;4567876;222665;74657;777;10
r;4538978;83750;74657;777;10
r;4368748;215551;74657;777;10
r;4368747;167620;74657;777;10
r;4328580;8862;74657;777;10
r;4289467;8096;74657;777;10
r;4092724;944;74657;777;10
r;4092723;276629;74657;777;10
r;4092722;192532;74657;777;10
r;3765105;64409;74657;777;10
r;3765104;274354;74657;777;10
r;3765103;80176;74657;777;10
r;3765102;274353;74657;777;10
r;3765101;30587;74657;777;10
r;3723018;2009;74657;777;10
r;3625428;71922;74657;777;10
r;3625427;273602;74657;777;10
r;3625426;26026;74657;777;10
r;3575245;55393;74657;777;10
r;3531904;64116;74657;777;10
r;3347299;272210;74657;777;10
r;3347298;94608;74657;777;10
r;3319924;59332;74657;777;10
r;3319851;272183;74657;777;10
r;3319788;272182;74657;777;10
r;3319728;272181;74657;777;10
r;419150262;192610;74657;0;9
r;419149702;192611;74657;0;9
r;10233968;81934;74657;10;9
r;10212444;16110;74657;10;9
r;10139524;214603;74657;10;9
r;6659304;13292;74657;777;9
r;4510798;70493;74657;777;9
r;303986084;6384036;74657;0;8
r;115103821;5898683;74657;0;8
r;110204927;5564841;74657;0;8
r;13130973;390927;74657;10;8
r;11910853;74558;74657;10;8
r;11902988;213644;74657;10;8
r;11895059;213792;74657;10;8
r;10203179;74846;74657;10;8
r;10190737;3508;74657;10;8
r;10174822;95256;74657;10;8
r;10162350;26363;74657;10;8
r;367039904;14465548;74657;0;7
r;248659861;2379773;74657;0;7
r;52524098;2498780;74657;0;7
r;10145626;92955;74657;10;7
r;10090052;77008;74657;10;7
r;414148694;15781381;74657;0;6
r;315485600;12110330;74657;0;6
r;315485595;12110331;74657;0;6
r;301511898;6344139;74657;0;6
r;315485607;12110329;74657;0;6
r;315485612;12110328;74657;0;6
r;111630153;45931;74657;777;6
r;104957539;142249;74657;15;6
r;104956991;228075;74657;15;6
r;441865704;2494934;74657;6;5
r;441865091;2500096;74657;6;5
r;441858130;2533182;74657;6;5
r;441857874;2534207;74657;6;5
r;441854268;2551826;74657;6;5
r;441852379;2561943;74657;6;5
r;441851605;2565418;74657;6;5
r;441850860;2568393;74657;6;5
r;441850798;2570791;74657;6;5
r;441843247;14924381;74657;6;5
r;441843214;14924380;74657;6;5
r;441843179;64262;74657;6;5
r;438922688;2479120;74657;0;5
r;435559552;212776;74657;0;5
r;372511873;213977;74657;10;5
r;315548496;12103171;74657;0;5
r;315548489;12103172;74657;0;5
r;315548471;12103174;74657;0;5
r;315548464;12103175;74657;0;5
r;315548455;12103176;74657;0;5
r;315548441;12103178;74657;0;5
r;315548434;12103179;74657;0;5
r;290186148;8535678;74657;0;5
r;97385945;229805;74657;6;5
r;2301725;238840;74657;0;5
r;2130350;10862;74657;0;5
r;449118513;3129;74657;0;4
r;315548507;12103170;74657;0;4
r;315548482;12103173;74657;0;4
r;315548448;12103177;74657;0;4
r;104941767;256780;74657;28;4
r;104941768;217399;74657;28;4
r;104935636;106987;74657;28;4
r;10115512;151867;74657;10;4
r;10112289;144846;74657;10;4
r;10052738;8990;74657;10;4
r;10042103;237765;74657;10;4
r;474175172;5626277;74657;0;3
r;372369051;60152;74657;10;3
r;318485705;12238743;74657;0;3
r;318485685;12238744;74657;0;3
r;316545699;12201496;74657;0;3
r;316545635;12201510;74657;0;3
r;316545510;12201533;74657;0;3
r;316541536;12202151;74657;0;3
r;104941763;65524;74657;28;3
r;104941764;17023;74657;28;3
r;104941765;111137;74657;28;3
r;104941766;221412;74657;28;3
r;104941769;77488;74657;28;3
r;104941868;214224;74657;28;3
r;104941932;218806;74657;28;3
r;104935634;91694;74657;28;3
r;104935635;375467;74657;28;3
r;451641347;16974837;74657;0;2
r;436502279;14918011;74657;0;2
r;434607706;419511;74657;0;2
r;416904796;79894;74657;0;2
r;416771599;15359480;74657;0;2
r;392497353;15026289;74657;0;2
r;13408851;151185;74657;777;2
r;440241509;2570204;74657;0;1
r;440090727;2559407;74657;0;1
r;440070485;2555864;74657;0;1
r;440059852;2556123;74657;0;1
r;439998232;2546000;74657;0;1
r;439962363;2544356;74657;0;1
r;439753596;2530924;74657;0;1
r;438960209;2488704;74657;0;1
r;438840636;2468407;74657;0;1
r;438833131;2464881;74657;0;1
r;438811222;2455282;74657;0;1
r;438522879;2445289;74657;0;1
r;438031380;2434550;74657;0;1
r;433309566;114327;74657;0;1
r;429096786;178968;74657;0;1
r;424018180;51253;74657;0;1
r;423725630;22222;74657;0;1
r;422996546;2619;74657;0;1
r;422889311;1911;74657;0;1
r;422253013;1780;74657;0;1
r;423635028;16073;74657;0;1
r;421490516;1500;74657;0;1
r;421178796;1230;74657;0;1
r;438854516;2473021;74657;0;1
r;438188488;2444944;74657;0;1
r;399543039;75655;74657;0;1
r;423821111;25577;74657;0;1
r;370093623;11804948;74657;0;1
r;356463578;14084094;74657;0;1
r;352451915;174176;74657;0;1
r;350901236;221034;74657;10;1
r;316635844;12178218;74657;0;1
r;316635831;12178220;74657;0;1
r;316635820;12178222;74657;0;1
r;316635811;12178225;74657;0;1
r;316635800;12178227;74657;0;1
r;316635791;12178229;74657;0;1
r;316635776;12178231;74657;0;1
r;316635765;12178233;74657;0;1
r;316635756;12178235;74657;0;1
r;316635745;12178237;74657;0;1
r;316635736;12178239;74657;0;1
r;316635725;12178241;74657;0;1
r;316635714;12178243;74657;0;1
r;316635703;12178245;74657;0;1
r;316555295;12196978;74657;0;1
r;316555291;12196979;74657;0;1
r;316555287;12196980;74657;0;1
r;316555283;12196981;74657;0;1
r;304003731;6385595;74657;0;1
r;301744579;6351614;74657;0;1
r;301495377;6342336;74657;0;1
r;292450382;47319;74657;0;1
r;248252029;283265;74657;0;1
r;248219973;275369;74657;0;1
r;105464067;225934;74657;0;1
r;94077215;44923;74657;0;1
r;11614749;267635;74657;777;1
r;11614697;249565;74657;777;1
r;11524423;267633;74657;777;1
r;11524367;253181;74657;777;1
r;8908274;194817;74657;0;1
r;7628011;122521;74657;777;1
r;5037349;267640;74657;777;1
r;5037251;267634;74657;777;1
r;4091459;889;74657;777;1
r;1890929;179717;74657;666;1
r;1768760;120733;74657;666;1
r;3137692;213550;74657;10;-1
r;8860154;145553;74657;10;-4
r;410342029;674335;74657;23;-5
r;96654068;578628;74657;6;-5
r;14032072;214878;74657;9;-5
r;1811625;213546;74657;10;-8
r;408850634;15418185;74657;6;-10
r;9973003;140176;74657;9;-10
r;8800683;101502;74657;14;-10
r;1826631;215902;74657;10;-19
r;405246446;15753576;74657;5;-20
r;405246283;15753575;74657;5;-20
r;405245751;15443735;74657;5;-20
r;405245588;15443736;74657;5;-20
r;396540788;14938990;74657;5;-20
r;15529091;152125;74657;27;-21
r;316495394;12196978;74657;6;-25
r;316495393;12196981;74657;6;-25
r;316495141;12196979;74657;6;-25
r;316495140;12196980;74657;6;-25
r;315548508;12103170;74657;6;-25
r;315548483;12103173;74657;6;-25
r;315548449;12103177;74657;6;-25
r;85725425;119942;74657;5;-26
r;27776000;260609;74657;5;-26
r;15537669;153845;74657;27;-26
r;15163441;17559;74657;27;-26
r;15199334;140176;74657;27;-29
r;91500346;578628;74657;0;-46
r;55132198;101503;74657;5;-50
r;441676418;94608;74657;6;-60
