r;13720483;25019;229003;0;-5
r;13720499;25019;214233;0;-5
r;421520524;25019;418951;0;1
r;421520526;25019;2932583;0;1
r;421520527;25019;5812352;0;1
r;421520529;25019;77587;0;1
r;421520531;25019;175710;0;1
r;421520534;25019;58646;0;1
r;421520535;25019;6016256;0;1
r;421520539;25019;144438;0;1
r;421520540;25019;10963525;0;1
r;421520543;25019;45606;0;1
r;421520545;25019;2321605;0;1
r;421520546;25019;32714;0;1
r;421520548;25019;414109;0;1
r;421520550;25019;122809;0;1
r;421520551;25019;5722635;0;1
r;421520554;25019;409715;0;1
r;421520556;25019;141365;0;1
r;421520558;25019;131577;0;1
r;421520562;25019;428687;0;1
r;421520563;25019;30458;0;1
r;421520565;25019;10078311;0;1
r;421520567;25019;17974;0;1
r;421520569;25019;419466;0;1
r;421520571;25019;17422;0;1
r;421520573;25019;63235;0;1
r;421520575;25019;214288;0;1
r;421520577;25019;17929;0;1
r;421520579;25019;407176;0;1
r;421520581;25019;107579;0;1
r;421520583;25019;57611;0;1
r;421520584;25019;24743;0;1
r;421520585;25019;414000;0;1
r;421520586;25019;54702;0;1
r;421520588;25019;114202;0;1
r;421520589;25019;227171;0;1
r;421520590;25019;6946;0;1
r;421520591;25019;23876;0;1
r;421520592;25019;406994;0;1
r;421520593;25019;73126;0;1
r;421520594;25019;3327596;0;1
r;421520595;25019;64107;0;1
r;421520596;25019;141474;0;1
r;421520598;25019;141068;0;1
r;421520599;25019;59582;0;1
r;421520600;25019;1890176;0;1
r;421520601;25019;18280;0;1
r;421520602;25019;16090442;0;1
r;421520603;25019;415966;0;1
r;421520604;25019;64116;0;1
r;421520605;25019;73191;0;1
r;421520606;25019;25869;0;1
r;421520607;25019;20413;0;1
r;421520608;25019;142850;0;1
r;421520609;25019;3178807;0;1
r;421520610;25019;58705;0;1
r;421520611;25019;408582;0;1
r;421520612;25019;22731;0;1
r;421520613;25019;410980;0;1
r;421520614;25019;69840;0;1
r;421520615;25019;2464495;0;1
r;421520616;25019;5897952;0;1
r;421520617;25019;26120;0;1
r;421520618;25019;397722;0;1
r;421520620;25019;50751;0;1
r;421520621;25019;5558173;0;1
r;421520622;25019;139424;0;1
r;421520623;25019;415349;0;1
r;421520624;25019;24462;0;1
r;421520625;25019;2943928;0;1
r;421520626;25019;106607;0;1
r;421520627;25019;392433;0;1
r;421520628;25019;84441;0;1
r;421520629;25019;11504390;0;1
r;421520630;25019;97164;0;1
r;421520631;25019;2581632;0;1
r;421520632;25019;30838;0;1
r;421520633;25019;145139;0;1
r;421520634;25019;51247;0;1
r;421520635;25019;674845;0;1
r;421520637;25019;10589471;0;1
r;421520638;25019;99786;0;1
r;421520639;25019;418938;0;1
r;421520640;25019;132425;0;1
r;421520641;25019;51100;0;1
r;421520642;25019;11773368;0;1
r;421520643;25019;18302;0;1
r;421520644;25019;411469;0;1
r;421520645;25019;17936;0;1
r;421520646;25019;5895599;0;1
r;421520647;25019;77762;0;1
r;421520648;25019;10441204;0;1
r;421520649;25019;55383;0;1
r;421520650;25019;95192;0;1
r;421520651;25019;416329;0;1
r;421520652;25019;74082;0;1
r;421520653;25019;408031;0;1
r;421520654;25019;98860;0;1
r;421520655;25019;10327242;0;1
r;421520656;25019;135544;0;1
r;421520657;25019;109244;0;1
r;421520658;25019;88947;0;1
r;421520659;25019;1874763;0;1
r;421520660;25019;88013;0;1
r;421520661;25019;100814;0;1
r;421520663;25019;2456151;0;1
r;421520664;25019;119232;0;1
r;421520665;25019;416605;0;1
r;421520667;25019;142672;0;1
r;421520668;25019;86071;0;1
r;421520669;25019;418708;0;1
r;421520670;25019;18687;0;1
r;421520671;25019;5895299;0;1
r;421520672;25019;99719;0;1
r;421520673;25019;105395;0;1
r;421520675;25019;8571113;0;1
r;421520676;25019;100625;0;1
r;421520677;25019;31852;0;1
r;421520678;25019;69805;0;1
r;421520679;25019;96935;0;1
r;421520680;25019;129143;0;1
r;421520681;25019;14909236;0;1
r;421520682;25019;113005;0;1
r;421520683;25019;61005;0;1
r;421520684;25019;61556;0;1
r;421520685;25019;5628493;0;1
r;421520686;25019;51623;0;1
r;421520687;25019;23917;0;1
r;421520688;25019;5814085;0;1
r;421520689;25019;16746;0;1
r;421520690;25019;5950531;0;1
r;421520691;25019;114365;0;1
r;421520692;25019;48270;0;1
r;421520693;25019;132725;0;1
r;421520694;25019;88918;0;1
r;421520695;25019;42345;0;1
r;421520696;25019;106096;0;1
r;421520697;25019;47554;0;1
r;421520698;25019;131971;0;1
r;421520699;25019;94345;0;1
r;421520700;25019;115140;0;1
r;421520701;25019;28899;0;1
r;421520702;25019;10174915;0;1
r;430302879;25019;3224813;0;1
r;400007130;25019;109038;0;2
r;421520523;25019;36294;0;2
r;421520537;25019;57037;0;2
r;421520560;25019;105717;0;2
r;421520597;25019;71926;0;2
r;421520619;25019;111092;0;2
r;421520636;25019;13283;0;2
r;421520666;25019;35789;0;2
r;421520674;25019;71115;0;2
r;10033130;25019;213545;0;4
r;12868174;25019;267837;0;4
r;391416456;25019;14940408;0;4
r;10138251;25019;214603;0;6
r;10143942;25019;92955;0;7
r;10189463;25019;3508;0;8
r;10536518;25019;36886;0;11
r;246079920;25019;436570;0;11
r;246255147;25019;267642;0;11
r;418280823;25019;422786;0;11
r;418280825;25019;125973;0;11
r;418280826;25019;137420;0;11
r;418280827;25019;114700;0;11
r;418280828;25019;29897;0;11
r;10549887;25019;120157;0;12
r;97350873;25019;229001;0;12
r;426732468;25019;77424;0;15
r;449078858;25019;16884680;0;15
r;245121408;25019;396042;0;16
r;245121410;25019;265838;0;16
r;448830158;25019;16873480;0;20
r;972506;25019;123736;0;21
r;23887350;25019;393812;0;21
r;311260579;25019;1646420;0;21
r;972505;25019;51054;0;22
r;15719626;25019;152125;0;22
r;287695013;25019;11220545;0;22
r;311260589;25019;593295;0;22
r;972504;25019;83035;0;23
r;972507;25019;19821;0;23
r;972508;25019;127878;0;24
r;10592930;25019;8319;0;24
r;98879798;25019;3343185;0;24
r;403523308;25019;15695005;0;25
r;403523265;25019;100813;0;25
r;403523131;25019;15530704;0;25
r;311260578;25019;1646419;0;25
r;365011908;25019;14365490;0;25
r;366778214;25019;14451929;0;25
r;367115996;25019;14338;0;25
r;367116039;25019;14467219;0;25
r;368342589;25019;55688;0;25
r;368342632;25019;14505038;0;25
r;368614879;25019;11057780;0;25
r;373335915;25019;14688278;0;25
r;415909056;25019;14957756;0;25
r;415909058;25019;15226782;0;25
r;415909060;25019;15145350;0;25
r;415909062;25019;15226781;0;25
r;416011102;25019;8142440;0;25
r;416011104;25019;14956330;0;25
r;416011106;25019;14956329;0;25
r;437318071;25019;16592924;0;25
r;437318083;25019;16592927;0;25
r;972503;25019;95327;0;26
r;9625200;25019;30459;0;26
r;10017878;25019;215896;0;26
r;12444531;25019;330964;0;26
r;13872991;25019;225847;0;26
r;14079736;25019;326373;0;26
r;18755998;25019;53267;0;26
r;18820737;25019;87789;0;26
r;18820739;25019;265839;0;26
r;24538994;25019;1483990;0;26
r;97350877;25019;396247;0;26
r;311260597;25019;590255;0;26
r;311292745;25019;597311;0;26
r;365011865;25019;24646;0;26
r;366778173;25019;39895;0;26
r;1941227;25019;220342;0;27
r;2592900;25019;219160;0;27
r;13562905;25019;265837;0;27
r;14147428;25019;237445;0;27
r;18756126;25019;164531;0;27
r;23887348;25019;393810;0;27
r;23887349;25019;393811;0;27
r;311260590;25019;593296;0;27
r;11834301;25019;247057;0;28
r;97350878;25019;119018;0;28
r;311260598;25019;590256;0;28
r;311292744;25019;597310;0;28
r;10601806;25019;151745;0;29
r;14127056;25019;260820;0;29
r;14683870;25019;329657;0;29
r;18820735;25019;391009;0;29
r;13214601;25019;22340;0;30
r;15363089;25019;134536;0;30
r;13877105;25019;65081;0;31
r;2592833;25019;140429;0;34
r;97350882;25019;225916;0;34
r;9625202;25019;52413;0;35
r;9625475;25019;140176;0;35
r;15316043;25019;36482;0;35
r;9625477;25019;71624;0;36
r;97350879;25019;68439;0;36
r;97350880;25019;24956;0;36
r;97350881;25019;244620;0;36
r;19320717;25019;391010;0;38
r;31240264;25019;143669;0;40
r;13774824;25019;234036;0;41
r;97350883;25019;116477;0;41
r;9360430;25019;37555;0;42
r;9690114;25019;233133;0;45
r;9691921;25019;220337;0;46
r;10574172;25019;23784;0;51
r;10575244;25019;151746;0;51
r;11238996;25019;242608;0;51
r;18760778;25019;19356;0;51
r;10626012;25019;247483;0;52
r;18756642;25019;42301;0;52
r;10626568;25019;98919;0;53
r;2205070;25019;47466;0;54
r;2858719;25019;1125;0;55
r;12393069;25019;150;0;55
r;9809836;25019;248081;0;56
r;10626764;25019;11379;0;56
r;9801835;25019;86640;0;57
r;10576246;25019;152708;0;58
r;10901449;25019;95145;0;59
r;255183;25019;130164;0;60
r;255255;25019;31424;0;60
r;1617277;25019;7943;0;60
r;10873061;25019;244011;0;60
r;82007614;25019;1655787;0;60
r;1617276;25019;116032;0;61
r;18756641;25019;255865;0;61
r;18760777;25019;9056;0;61
r;10858775;25019;115304;0;62
r;10824900;25019;264881;0;64
r;10837378;25019;40733;0;64
r;10848202;25019;264880;0;64
r;10801450;25019;317929;0;66
r;10811992;25019;264908;0;66
r;10919286;25019;265277;0;66
r;10947848;25019;54794;0;66
r;10956784;25019;142602;0;66
r;11227061;25019;325741;0;67
r;11469737;25019;283634;0;68
r;9884987;25019;55823;0;69
r;11208565;25019;325738;0;69
r;11453350;25019;91794;0;69
r;11461547;25019;110773;0;69
r;30485210;25019;142791;0;69
r;1334196;25019;117095;0;70
r;11195165;25019;325736;0;70
r;11445125;25019;101018;0;72
r;1617279;25019;17559;0;73
r;11181926;25019;325731;0;73
r;11168686;25019;325728;0;75
r;11273885;25019;265220;0;76
r;1617278;25019;86756;0;78
r;1617280;25019;137333;0;79
r;255184;25019;48855;0;94
r;18756007;25019;267634;0;105
r;18756010;25019;101716;0;105
r;18756076;25019;262511;0;105
r;255254;25019;86046;0;113
r;429724;25019;128439;0;151
r;429726;25019;103166;0;155
r;18756047;25019;599688;0;185
r;411622763;25019;2983124;0;6259
r;23945194;25019;239128;0;1000000
r;2592831;25019;264599;1;40
r;2592828;25019;264598;1;42
r;18755078;25019;599640;2;45
r;18755081;25019;599641;2;45
r;15663995;25019;152125;3;-19
r;385229242;25019;6947917;3;25
r;393712261;25019;7256380;3;25
r;399298077;25019;102206;3;25
r;517957;25019;134536;3;28
r;13792978;25019;36482;3;34
r;499393;25019;117095;3;36
r;31217635;25019;143669;3;39
r;418280824;25019;2586628;4;25
r;53969110;25019;2586627;4;45
r;53983506;25019;2586629;4;46
r;45859;25019;146888;4;56
r;1418015;25019;171869;4;63
r;2858742;25019;146885;4;65
r;1941228;25019;171870;4;87
r;309941644;25019;1646419;5;25
r;309941646;25019;1646420;5;25
r;310051321;25019;597310;5;25
r;310051323;25019;597311;5;25
r;310095806;25019;593295;5;25
r;310095808;25019;593296;5;25
r;310115399;25019;590255;5;25
r;310115401;25019;590256;5;25
r;448747219;25019;16884680;5;25
r;443672587;25019;16873480;5;30
r;289098918;25019;30459;5;31
r;287694520;25019;11220545;5;50
r;54691493;25019;123736;5;56
r;55077671;25019;95327;5;62
r;54922745;25019;83035;5;63
r;13214477;25019;29592;6;-143
r;13214497;25019;217201;6;-143
r;13253109;25019;246632;6;-133
r;13214514;25019;144938;6;-132
r;384134;25019;116032;6;-10
r;97729390;25019;13369;6;2
r;97797088;25019;58768;6;3
r;97887474;25019;157007;6;3
r;473602114;25019;1395235;6;10
r;314917295;25019;101689;6;25
r;357101823;25019;14049831;6;25
r;357266572;25019;14049840;6;25
r;359479803;25019;14049844;6;25
r;377455851;25019;12321907;6;25
r;383945747;25019;221983;6;25
r;383991159;25019;2461482;6;25
r;391415375;25019;14940408;6;25
r;400000290;25019;109038;6;25
r;429671217;25019;3224813;6;26
r;83922639;25019;316850;6;30
r;59814430;25019;116477;6;55
r;83903910;25019;436570;6;55
r;97350884;25019;396247;6;55
r;13861644;25019;65081;6;60
r;24535573;25019;1483990;6;60
r;59814431;25019;68439;6;62
r;13982083;25019;260820;6;63
r;384135;25019;71624;6;65
r;13722901;25019;234036;6;65
r;14029650;25019;237445;6;70
r;13865752;25019;225847;6;71
r;78648039;25019;265838;6;71
r;80361162;25019;267642;6;71
r;359932;25019;30459;6;76
r;60011905;25019;24956;6;77
r;60050739;25019;244620;6;77
r;78641311;25019;396042;6;84
r;60048938;25019;225916;6;85
r;10927045;25019;54794;6;87
r;11148503;25019;325728;6;91
r;11135264;25019;325736;6;98
r;11141882;25019;325731;6;98
r;11128561;25019;325738;6;103
r;18757961;25019;391009;6;104
r;19226598;25019;391010;6;105
r;14414174;25019;329657;6;110
r;11119090;25019;325741;6;118
r;18757956;25019;87789;6;120
r;9611333;25019;55823;6;122
r;1956182;25019;233133;6;126
r;356648;25019;17559;6;131
r;10779884;25019;264908;6;136
r;18757945;25019;265839;6;137
r;10756039;25019;264880;6;148
r;10750753;25019;115304;6;161
r;11254652;25019;265220;6;168
r;10922507;25019;142602;6;170
r;12046179;25019;330964;6;173
r;2914798;25019;248081;6;177
r;10785155;25019;317929;6;178
r;10767691;25019;264881;6;180
r;2896485;25019;86640;6;184
r;10862787;25019;265277;6;184
r;11426831;25019;91794;6;189
r;11431007;25019;101018;6;189
r;11422355;25019;110773;6;196
r;356649;25019;48855;6;207
r;11418254;25019;283634;6;207
r;359933;25019;52413;6;208
r;13513788;25019;265837;6;209
r;13926019;25019;326373;6;210
r;10761451;25019;40733;6;219
r;1959639;25019;220337;6;221
r;384133;25019;140176;6;230
r;123347;25019;36294;7;53
r;123349;25019;86046;7;60
r;123351;25019;9056;7;60
r;400249224;25019;14917526;9;1
r;330831901;25019;174176;9;2
r;436502826;25019;14918011;9;2
r;401789288;25019;15047666;9;3
r;14635592;25019;212659;9;4
r;220465565;25019;1816244;9;4
r;220471658;25019;6797262;9;5
r;226776405;25019;8535678;9;7
r;479148682;25019;11008328;9;9
r;177330048;25019;6797233;9;11
r;411656604;25019;6802231;9;15
r;411656605;25019;148104;9;15
r;411656606;25019;174120;9;15
r;372492787;25019;213977;9;25
r;377511946;25019;6798394;9;25
r;377521635;25019;94431;9;25
r;377714814;25019;12791689;9;25
r;424947278;25019;398564;9;25
r;2869723;25019;139779;9;26
r;2900637;25019;126285;9;26
r;2904622;25019;47319;9;26
r;2908620;25019;109785;9;26
r;2930068;25019;219363;9;26
r;2935423;25019;240720;9;26
r;2966886;25019;103311;9;26
r;2971925;25019;83944;9;26
r;3010576;25019;152844;9;26
r;3039217;25019;126388;9;26
r;10773446;25019;57875;9;26
r;11807443;25019;213792;9;26
r;13023318;25019;95422;9;26
r;23855115;25019;393810;9;26
r;2886862;25019;108463;9;27
r;2985911;25019;141814;9;27
r;2992433;25019;241352;9;27
r;11260511;25019;326146;9;27
r;2551017;25019;237765;9;28
r;2626595;25019;77424;9;28
r;2757543;25019;74846;9;28
r;60024618;25019;142086;9;28
r;2601721;25019;62726;9;29
r;2641461;25019;151867;9;29
r;2659831;25019;214603;9;29
r;2668445;25019;92955;9;29
r;2849628;25019;96211;9;29
r;60009014;25019;26363;9;29
r;2606524;25019;124919;9;30
r;2622741;25019;77008;9;30
r;2708351;25019;95256;9;30
r;12997231;25019;390927;9;30
r;23855117;25019;393811;9;30
r;23855119;25019;393812;9;30
r;11795809;25019;74558;9;31
r;15873533;25019;114327;9;31
r;2547167;25019;213545;9;32
r;2597487;25019;8990;9;32
r;2618881;25019;148105;9;32
r;11803484;25019;213644;9;32
r;2651603;25019;144846;9;34
r;2770298;25019;233138;9;34
r;25779257;25019;1636805;9;34
r;98639752;25019;19356;9;34
r;2609343;25019;43853;9;35
r;2716749;25019;3508;9;35
r;98670176;25019;3343185;9;35
r;2543341;25019;233008;9;36
r;60026129;25019;140715;9;36
r;60015784;25019;16110;9;37
r;2778828;25019;116980;9;38
r;2539518;25019;215896;9;40
r;60030460;25019;107477;9;40
r;60034871;25019;34898;9;40
r;14714300;25019;16747;9;41
r;60036492;25019;228289;9;42
r;60040758;25019;145953;9;42
r;2631590;25019;225934;9;43
r;60010424;25019;81934;9;43
r;60017251;25019;221019;9;51
r;413692071;25019;15080161;10;11
r;11007246;25019;267837;10;17
r;414013961;25019;364788;10;25
r;2673390;25019;120157;10;27
r;2635715;25019;36886;10;28
r;344380729;25019;13594677;11;25
r;366469220;25019;14432869;11;25
r;277928468;25019;10989716;11;29
r;315122040;25019;12078678;11;35
r;253391861;25019;10328568;11;36
r;315109965;25019;12080963;11;36
r;282617755;25019;11103870;11;43
r;193650727;25019;8955777;11;50
r;25768775;25019;1635521;11;52
r;52443867;25019;2568973;11;52
r;33729959;25019;2324272;11;59
r;76471839;25019;3175104;11;68
r;12764051;25019;335416;11;102
r;12605541;25019;374099;11;104
r;12605549;25019;374097;11;106
r;12605537;25019;374100;11;107
r;12605545;25019;374098;11;110
r;8882091;25019;263649;11;151
r;8882313;25019;267837;11;153
r;8720399;25019;255865;11;161
r;8628463;25019;163526;11;162
r;8747762;25019;280367;11;163
r;8748150;25019;280744;11;163
r;8748153;25019;280745;11;163
r;8748155;25019;280746;11;163
r;104952960;25019;52255;15;6
r;2693615;25019;218648;15;53
r;104910831;25019;676510;17;3
r;293328773;25019;10314012;17;3
r;2194594;25019;48496;17;5
r;2194842;25019;22262;17;5
r;2196583;25019;222843;17;5
r;2196679;25019;143206;17;5
r;2196657;25019;75869;17;6
r;477518121;25019;2033727;17;25
r;2592813;25019;98826;17;26
r;2592816;25019;117371;17;26
r;13730069;25019;102934;17;26
r;78258806;25019;99220;17;26
r;352102934;25019;52413;17;26
r;372651651;25019;136722;17;26
r;2592812;25019;264592;17;27
r;2592823;25019;137254;17;27
r;375109503;25019;64888;17;27
r;2592818;25019;129973;17;28
r;2700395;25019;1384;17;28
r;2878658;25019;122864;17;28
r;2196644;25019;48855;17;29
r;2592815;25019;7421;17;29
r;2592817;25019;153217;17;31
r;11828251;25019;330215;17;31
r;2592814;25019;135306;17;32
r;2193496;25019;74514;17;34
r;2592810;25019;52501;17;34
r;2592825;25019;120759;17;34
r;2196256;25019;110732;17;35
r;2592820;25019;88899;17;35
r;2592822;25019;264593;17;35
r;2592824;25019;134862;17;35
r;2592903;25019;116544;17;35
r;2592811;25019;117932;17;38
r;2592819;25019;49945;17;45
r;2592902;25019;224099;17;45
r;13720478;25019;246748;17;56
r;2592821;25019;63021;17;65
r;193853756;25019;48510;17;115
r;90047279;25019;3575927;18;28
r;390424863;25019;14916413;18;29
r;90919186;25019;3576104;18;31
r;325669;25019;25019;19;51
r;377004162;25019;317214;21;25
r;377004670;25019;245243;21;25
r;377004674;25019;265078;21;25
r;377004678;25019;325131;21;25
r;377007592;25019;48855;21;25
r;2592901;25019;103166;22;32
r;351293010;25019;85588;23;1
r;472428516;25019;15083400;23;1
r;472428528;25019;156430;23;1
r;97350874;25019;271500;23;15
r;14748779;25019;216744;23;21
r;14749330;25019;262032;23;21
r;14786680;25019;110750;23;21
r;28244229;25019;96912;23;21
r;14749458;25019;251937;23;22
r;14779653;25019;30458;23;22
r;14749310;25019;47526;23;23
r;97867061;25019;140904;23;23
r;97867330;25019;142277;23;23
r;98295609;25019;114428;23;23
r;98296206;25019;81129;23;23
r;14748820;25019;150808;23;24
r;97867339;25019;452637;23;26
r;14748777;25019;220118;23;27
r;14749313;25019;213495;23;27
r;14780014;25019;175775;23;27
r;97735926;25019;48855;23;27
r;193872194;25019;73126;23;27
r;14746032;25019;317214;23;28
r;14779029;25019;153477;23;28
r;14748810;25019;273460;23;29
r;97864486;25019;35954;23;29
r;193872195;25019;86640;23;29
r;14750103;25019;261486;23;31
r;12067207;25019;17559;23;35
r;473160879;25019;101631;24;9
r;473160886;25019;59014;24;9
r;2613226;25019;130164;24;30
r;2645391;25019;43601;24;30
r;2662765;25019;2442;24;30
r;2686773;25019;124600;24;30
r;2723386;25019;115440;24;30
r;2800671;25019;251694;24;30
r;2833777;25019;43253;24;30
r;2863123;25019;213857;24;30
r;2919584;25019;259820;24;30
r;2941752;25019;139709;24;30
r;2956681;25019;47918;24;30
r;3004543;25019;112239;24;30
r;11799685;25019;73827;24;30
r;14812795;25019;327073;24;30
r;14813549;25019;195297;24;30
r;14816208;25019;326892;24;30
r;14817196;25019;327060;24;30
r;14817605;25019;328442;24;30
r;14822662;25019;326697;24;30
r;14826142;25019;165604;24;30
r;14828364;25019;251165;24;30
r;14829231;25019;250849;24;30
r;14835581;25019;217729;24;30
r;14835741;25019;86915;24;30
r;14836586;25019;156803;24;30
r;14845517;25019;7943;24;30
r;14845524;25019;21149;24;30
r;60033370;25019;140318;24;30
r;234481133;25019;6681658;24;30
r;347587145;25019;105814;24;30
r;365016657;25019;14365486;24;30
r;366799204;25019;14451925;24;30
r;367885752;25019;14467215;24;30
r;368349987;25019;14505034;24;30
r;368614892;25019;14530524;24;30
r;368642603;25019;14530522;24;30
r;398548518;25019;1773695;24;30
r;398548548;25019;211698;24;30
r;398548572;25019;15347452;24;30
r;398548602;25019;15057094;24;30
r;404831652;25019;15695001;24;30
r;404831655;25019;15694998;24;30
r;404832608;25019;15432879;24;30
r;404832708;25019;15562696;24;30
r;404832763;25019;15562695;24;30
r;404832786;25019;15562693;24;30
r;404832834;25019;15562692;24;30
r;404832893;25019;15562694;24;30
r;404834499;25019;14918311;24;30
r;405613544;25019;55489;24;30
r;410026212;25019;2420799;24;30
r;410033808;25019;16120;24;30
r;413203968;25019;15347453;24;30
r;413203998;25019;207747;24;30
r;413204030;25019;5061539;24;30
r;413826141;25019;15099850;24;30
r;414719725;25019;15099852;24;30
r;431550533;25019;14937757;24;30
r;431550561;25019;15604693;24;30
r;449410701;25019;15229895;24;30
r;468330021;25019;186809;24;30
r;78268038;25019;33882;24;31
r;368342643;25019;14505030;24;31
r;15795582;25019;224422;24;39
r;82004974;25019;1655787;24;55
r;14842450;25019;39895;24;61
r;365011879;25019;14365488;24;61
r;366778186;25019;14451927;24;61
r;367115995;25019;14338;24;61
r;368342588;25019;55688;24;61
r;368342603;25019;14505036;24;61
r;403523279;25019;15695003;24;66
r;403523264;25019;100813;24;66
r;403523130;25019;15530704;24;66
r;277553718;25019;1680919;24;66
r;367116010;25019;14467217;24;71
r;373335887;25019;14688276;24;74
r;365011916;25019;11057780;24;77
r;193867645;25019;24646;24;85
r;14831816;25019;78768;24;105
r;437318065;25019;16592923;26;30
r;438146595;25019;16592937;26;30
r;437318060;25019;29690;26;71
r;438143975;25019;16592925;26;71
r;23853050;25019;393812;28;27
r;23853049;25019;393811;28;32
r;13370623;25019;212659;28;35
r;23853048;25019;393810;28;37
r;33430714;25019;102345;32;-42
r;33430715;25019;57221;32;-5
r;33430716;25019;37298;32;-5
r;97350876;25019;121436;32;19
r;33528067;25019;17927;32;28
r;33663412;25019;82489;32;29
r;33663411;25019;91691;32;45
r;33430727;25019;60835;32;53
r;33430719;25019;120892;32;57
r;33144172;25019;626;32;58
r;33430718;25019;14330;32;58
r;33430725;25019;90830;32;59
r;33430726;25019;23114;32;59
r;33430720;25019;20202;32;60
r;33430723;25019;4552;32;61
r;33430722;25019;144681;32;62
r;33430717;25019;28453;32;63
r;33430721;25019;22264;32;63
r;33430724;25019;49337;32;65
r;72965195;25019;103405;32;113
r;2592827;25019;37555;35;40
r;2592826;25019;117095;35;45
r;417384087;25019;15991431;36;25
r;477279625;25019;276096;36;25
r;436926340;25019;1912917;36;25
r;77951669;25019;162763;36;29
r;9255740;25019;254877;36;31
r;2352894;25019;254876;36;33
r;2352895;25019;254878;36;36
r;52533028;25019;214534;36;40
r;59814432;25019;162761;36;40
r;2078434;25019;191669;36;44
r;2592830;25019;217817;36;45
r;18755080;25019;438949;36;45
r;55148649;25019;2585996;36;52
r;9255739;25019;241794;36;178
r;2024283;25019;223173;36;195
r;2021618;25019;223172;36;210
r;14671172;25019;48855;42;34
r;14674511;25019;103166;42;34
r;1383340;25019;164782;45;100
r;11582763;25019;328442;45;100
r;111385562;25019;5675186;54;27
r;375690036;25019;69045;55;25
r;375710202;25019;262065;55;25
r;375710369;25019;263859;55;25
r;375711136;25019;162496;55;25
r;375687168;25019;17936;56;25
r;375688766;25019;268321;56;25
r;375688767;25019;54657;56;25
r;375688775;25019;263860;56;25
r;375688814;25019;233824;56;25
r;78354073;25019;269157;60;27
r;437576209;25019;16592926;66;84
r;365017402;25019;14365490;66;100
r;365017405;25019;14365487;66;100
r;367359034;25019;14467216;66;100
r;367359031;25019;14467219;66;100
r;366975595;25019;14451929;66;100
r;366975598;25019;14451926;66;100
r;368348656;25019;14505038;66;100
r;368348659;25019;14505035;66;100
r;368641933;25019;14530523;66;100
r;373339746;25019;14688278;66;100
r;404660463;25019;15695005;66;100
r;404660466;25019;15695002;66;100
r;404660468;25019;15694999;66;100
r;443672588;25019;16873480;71;30
r;111385561;25019;5675186;100;28
r;193650558;25019;94164;102;31
r;193650548;25019;86046;102;41
r;193650553;25019;137390;102;43
r;193650551;25019;17559;102;51
r;193650552;25019;36294;102;56
r;13214534;25019;212659;103;29
r;23838788;25019;393810;103;31
r;23838795;25019;393812;103;35
r;23838791;25019;393811;103;42
r;11417053;25019;269561;106;2
r;25735261;25019;86356;106;2
r;3188046;25019;143206;106;12
r;3164515;25019;75869;106;13
r;13720481;25019;394773;128;1
r;18755279;25019;599649;128;1
r;18756186;25019;599704;128;1
r;93291840;25019;3737289;128;1
r;93291850;25019;3737291;128;1
r;93291854;25019;3737292;128;1
r;93291858;25019;3737293;128;1
r;93291862;25019;3737294;128;1
r;93291866;25019;3737295;128;1
r;93291870;25019;3737296;128;1
r;93291874;25019;3737297;128;1
r;93291878;25019;3737298;128;1
r;93291882;25019;3737299;128;1
r;93291886;25019;3737300;128;1
r;93291890;25019;3737301;128;1
r;93291894;25019;3737302;128;1
r;93291898;25019;3737303;128;1
r;93291902;25019;3737304;128;1
r;93291906;25019;3737305;128;1
r;93291910;25019;3737306;128;1
r;93291914;25019;3737307;128;1
r;93291918;25019;3737308;128;1
r;93291922;25019;3737309;128;1
r;93291926;25019;3737310;128;1
r;93291930;25019;3737311;128;1
r;93291934;25019;3737312;128;1
r;93291938;25019;3737313;128;1
r;93291942;25019;3737314;128;1
r;93291946;25019;3737315;128;1
r;93291950;25019;3737316;128;1
r;93291954;25019;3737317;128;1
r;93291958;25019;3737318;128;1
r;93291962;25019;3737319;128;1
r;93291966;25019;3737320;128;1
r;93291970;25019;3737321;128;1
r;93291974;25019;3737322;128;1
r;93291978;25019;3737323;128;1
r;93291982;25019;3737324;128;1
r;93291987;25019;3737325;128;1
r;93291991;25019;3737326;128;1
r;93291995;25019;3737327;128;1
r;93291999;25019;3737328;128;1
r;93292003;25019;3737329;128;1
r;93292007;25019;3737330;128;1
r;93292011;25019;3737331;128;1
r;93292015;25019;3737332;128;1
r;93292021;25019;3737333;128;1
r;93292025;25019;3737334;128;1
r;93292037;25019;3737337;128;1
r;93292041;25019;3737338;128;1
r;93292045;25019;3737339;128;1
r;93292049;25019;3737340;128;1
r;93292053;25019;3737341;128;1
r;93292057;25019;3737342;128;1
r;93292061;25019;3737343;128;1
r;93292065;25019;3737344;128;1
r;93292069;25019;3737345;128;1
r;93292073;25019;3737346;128;1
r;93292077;25019;3737347;128;1
r;93292081;25019;3737348;128;1
r;93292085;25019;3737349;128;1
r;93292089;25019;3737350;128;1
r;93292093;25019;3737351;128;1
r;93292097;25019;3737352;128;1
r;93292101;25019;3737353;128;1
r;93292105;25019;3737354;128;1
r;93292109;25019;3737355;128;1
r;93292113;25019;3737356;128;1
r;93292141;25019;3737363;128;1
r;93292153;25019;3737366;128;1
r;373335924;25019;14688279;128;1
r;375109506;25019;14756037;128;3
r;413763434;25019;15871531;128;3
r;100005025;25019;4489692;128;5
r;93291846;25019;3737290;128;5
r;93292029;25019;3737335;128;5
r;179438398;25019;8756352;128;5
r;100062476;25019;4495537;128;7
r;93291580;25019;3737243;128;7
r;193867648;25019;8969058;128;7
r;18757948;25019;599761;128;9
r;93291592;25019;3737246;128;9
r;18755355;25019;599654;128;11
r;18756182;25019;599703;128;11
r;93292129;25019;3737360;128;11
r;193650561;25019;8955938;128;11
r;18755817;25019;599667;128;13
r;18755825;25019;599668;128;13
r;18757959;25019;599762;128;13
r;93291596;25019;3737247;128;13
r;93291600;25019;3737248;128;13
r;93291604;25019;3737249;128;13
r;93291608;25019;3737250;128;13
r;193650556;25019;8955937;128;13
r;18757964;25019;599763;128;17
r;93291588;25019;3737245;128;17
r;18773563;25019;601067;128;19
r;193853759;25019;8968202;128;19
r;93292117;25019;3737357;128;21
r;93292121;25019;3737358;128;21
r;93292125;25019;3737359;128;21
r;93292133;25019;3737361;128;21
r;93292137;25019;3737362;128;21
r;93292149;25019;3737365;128;21
r;18755269;25019;599646;128;23
r;18755829;25019;599669;128;23
r;18755833;25019;599670;128;23
r;193867654;25019;8969059;128;26
r;18756135;25019;599698;128;27
r;93292145;25019;3737364;128;29
r;18756144;25019;599699;128;31
r;18756166;25019;599701;128;31
r;24244936;25019;1462987;128;31
r;18756157;25019;599700;128;32
r;24244917;25019;1462983;128;35
r;24244921;25019;1462984;128;35
r;24244925;25019;1462985;128;35
r;24244913;25019;1462982;128;36
r;18756178;25019;599702;128;43
r;24244931;25019;1462986;128;43
r;93291576;25019;3737242;128;43
r;414076369;25019;15900972;128;43
r;24244940;25019;1462988;128;49
r;24244944;25019;1462989;128;53
r;18755303;25019;599650;128;57
r;93291572;25019;3737241;128;57
r;24244948;25019;1462990;128;59
r;24244956;25019;1462992;128;63
r;24244952;25019;1462991;128;69
r;24244960;25019;1462993;128;73
r;24244972;25019;1462996;128;75
r;24244968;25019;1462995;128;77
r;93292033;25019;3737336;128;77
r;24244964;25019;1462994;128;79
r;24244976;25019;1462997;128;81
r;93291584;25019;3737244;128;89
r;93291566;25019;3737240;128;93
r;24244980;25019;1462998;128;95
r;24244988;25019;1463000;128;95
r;24244984;25019;1462999;128;97
r;24244992;25019;1463001;128;97
r;24244996;25019;1463002;128;97
r;24245000;25019;1463003;128;97
r;18814525;25019;608742;140;1
r;22839098;25019;1290660;140;1
r;29563952;25019;1809360;140;1
r;30212303;25019;1862692;140;1
r;31636448;25019;1964776;140;1
r;98398269;25019;4316430;140;1
r;103968186;25019;4971681;140;1
r;193854010;25019;8968261;140;1
r;212865249;25019;9267808;140;1
r;216855245;25019;9635673;140;1
r;287694500;25019;11220586;140;1
r;368580454;25019;14529458;140;1
r;374802251;25019;14743525;140;1
r;414476569;25019;15922775;140;1
r;15992265;25019;451130;140;2
r;23852924;25019;1455208;140;2
r;23852928;25019;1455209;140;2
r;23852932;25019;1455210;140;2
r;101579894;25019;4830227;140;2
r;101581121;25019;4830525;140;2
r;101587099;25019;4831998;140;2
r;101588252;25019;4832285;140;2
r;101591154;25019;4832998;140;2
r;101592395;25019;4833299;140;2
r;350350727;25019;13865834;140;2
r;372833922;25019;14662136;140;2
r;373776242;25019;14688864;140;2
r;100468479;25019;4566602;140;3
r;23370305;25019;1376756;140;3
r;100642504;25019;4609963;140;3
r;100743259;25019;4626124;140;3
r;100799034;25019;4639974;140;3
r;100826323;25019;4646242;140;3
r;100840062;25019;4649112;140;3
r;101561547;25019;4825652;140;3
r;101573545;25019;4828650;140;3
r;193853975;25019;8968253;140;3
r;216665329;25019;9614582;140;3
r;216665805;25019;9614668;140;3
r;365018395;25019;14365661;140;3
r;19286858;25019;678736;140;4
r;193853993;25019;8968256;140;4
r;193853999;25019;8968259;140;5
r;193854847;25019;8968283;140;6
r;193853980;25019;8968254;140;7
r;193854015;25019;8968262;140;7
r;18741259;25019;598683;140;8
r;193854005;25019;8968260;140;8
r;193853987;25019;8968255;140;11
r;100052541;25019;4493191;140;13
r;100051297;25019;4492880;140;13
r;193853835;25019;8968220;140;21
r;390424866;25019;14956330;333;25
r;394189103;25019;15226782;333;26
r;394189106;25019;14957756;333;26
r;394189097;25019;15226781;333;27
r;394189100;25019;15145350;333;27
r;390424870;25019;8142440;333;30
r;390424860;25019;14956329;333;37
r;94196476;25019;3798663;444;1
r;94330471;25019;3948775;444;1
r;94415025;25019;4043266;444;1
r;94549718;25019;4192436;444;1
r;78008717;25019;3228593;444;32
r;73954860;25019;2983124;555;38497
r;3697573;25019;142791;777;10
r;3697574;25019;152801;777;10
r;3697577;25019;65081;777;10
r;3697580;25019;14986;777;10
r;3697582;25019;99083;777;10
r;3697584;25019;141603;777;10
r;3697585;25019;73670;777;10
r;3697588;25019;153268;777;10
r;3697590;25019;150156;777;10
r;3697592;25019;46565;777;10
r;3697594;25019;146632;777;10
r;3697596;25019;67213;777;10
r;3697598;25019;267632;777;10
r;3697600;25019;90804;777;10
r;3697602;25019;91439;777;10
r;3697604;25019;138078;777;10
r;3697605;25019;141253;777;10
r;3697608;25019;113533;777;10
r;3697610;25019;262064;777;10
r;3697612;25019;42683;777;10
r;3697614;25019;11718;777;10
r;3697616;25019;145624;777;10
r;3697618;25019;127368;777;10
r;3697621;25019;103721;777;10
r;3697622;25019;73461;777;10
r;3697625;25019;135926;777;10
r;3697627;25019;68544;777;10
r;3697629;25019;36294;777;10
r;3697630;25019;7418;777;10
r;3697633;25019;144438;777;10
r;3697635;25019;66326;777;10
r;3697636;25019;41988;777;10
r;3697639;25019;22731;777;10
r;3697640;25019;240589;777;10
r;3697643;25019;23300;777;10
r;3697644;25019;145764;777;10
r;3697647;25019;60772;777;10
r;3697649;25019;157132;777;10
r;3697652;25019;42301;777;10
r;3697653;25019;140178;777;10
r;3697656;25019;93883;777;10
r;3697658;25019;111092;777;10
r;3697659;25019;113028;777;10
r;3697662;25019;152348;777;10
r;3697664;25019;152058;777;10
r;3697665;25019;89951;777;10
r;3697668;25019;31806;777;10
r;3697670;25019;153176;777;10
r;3697671;25019;50567;777;10
r;3697674;25019;153321;777;10
r;3697675;25019;5707;777;10
r;3697678;25019;85758;777;10
r;3697680;25019;13873;777;10
r;3697682;25019;144705;777;10
r;3697684;25019;28281;777;10
r;3697685;25019;129267;777;10
r;3697688;25019;51000;777;10
r;3697691;25019;231865;777;10
r;3697692;25019;26339;777;10
r;3697695;25019;231907;777;10
r;3697697;25019;204377;777;10
r;3697699;25019;238798;777;10
r;3697700;25019;31852;777;10
r;3697703;25019;179893;777;10
r;3697705;25019;175315;777;10
r;3697706;25019;152708;777;10
r;3697709;25019;11940;777;10
r;3697711;25019;197423;777;10
r;3697713;25019;262512;777;10
r;3697715;25019;64750;777;10
r;3697717;25019;135933;777;10
r;3697718;25019;20011;777;10
r;3697721;25019;25555;777;10
r;3697723;25019;67735;777;10
r;3697725;25019;86875;777;10
r;3697727;25019;175223;777;10
r;3697729;25019;4407;777;10
r;3697731;25019;117879;777;10
r;3697733;25019;32058;777;10
r;3697735;25019;21025;777;10
r;3697737;25019;30079;777;10
r;3697739;25019;71266;777;10
r;3697741;25019;95474;777;10
r;3697743;25019;6326;777;10
r;3697745;25019;79481;777;10
r;3697747;25019;163525;777;10
r;3697749;25019;152125;777;10
r;13215785;25019;115262;777;10
r;13215846;25019;157634;777;10
r;13218460;25019;286220;777;10
r;13214682;25019;229213;777;10
r;13218466;25019;229215;777;10
r;13218464;25019;250039;777;10
r;13214703;25019;212659;777;10
r;13218462;25019;255162;777;10
r;13214775;25019;114119;777;10
r;13214821;25019;43994;777;10
r;13214836;25019;29290;777;10
r;13214845;25019;86027;777;10
r;13215025;25019;74807;777;10
r;13215054;25019;103890;777;10
r;13215236;25019;132892;777;10
r;13215358;25019;31388;777;10
r;13215362;25019;172944;777;10
r;13215363;25019;79993;777;10
r;13215365;25019;65586;777;10
r;13215367;25019;146001;777;10
r;13215369;25019;87987;777;10
r;13215371;25019;137285;777;10
r;13215563;25019;67795;777;10
r;13215649;25019;1756;777;10
r;13215733;25019;224362;777;10
r;13215759;25019;120152;777;10
r;13215911;25019;13001;777;10
r;13215925;25019;260156;777;10
r;13215944;25019;229212;777;10
r;13216016;25019;271085;777;10
r;13216043;25019;213303;777;10
r;13216044;25019;53957;777;10
r;13216063;25019;80622;777;10
r;13216081;25019;7163;777;10
r;13216119;25019;286236;777;10
r;13216137;25019;83256;777;10
r;13216140;25019;284677;777;10
r;13216154;25019;26258;777;10
r;13216155;25019;232801;777;10
r;13217671;25019;274920;777;10
r;13217672;25019;284942;777;10
r;13217673;25019;296557;777;10
r;13217674;25019;293347;777;10
r;13218468;25019;1557;777;10
r;13282475;25019;393100;777;10
r;18637448;25019;394915;777;10
r;18637450;25019;432674;777;10
r;18637452;25019;408582;777;10
r;18637454;25019;413761;777;10
r;18637456;25019;426507;777;10
r;18637458;25019;397722;777;10
r;18637461;25019;418951;777;10
r;18637463;25019;421510;777;10
r;18637465;25019;408639;777;10
r;18637471;25019;394912;777;10
r;18637473;25019;394910;777;10
r;23838805;25019;397303;777;10
r;23838806;25019;393810;777;10
r;23838808;25019;393812;777;10
r;23838810;25019;393811;777;10
r;23838812;25019;405503;777;10
r;23838814;25019;188093;777;10
r;23838816;25019;394232;777;10
r;23838818;25019;314075;777;10
r;23838820;25019;420037;777;10
r;25234429;25019;36565;777;10
r;28471248;25019;164;777;10
r;28471249;25019;232246;777;10
r;28471251;25019;1650159;777;10
r;72314269;25019;2932583;777;10
r;72314270;25019;2252694;777;10
r;72314273;25019;2087478;777;10
r;72314275;25019;2062877;777;10
r;72314277;25019;142672;777;10
r;72314278;25019;86071;777;10
r;72314281;25019;129181;777;10
r;72314283;25019;406994;777;10
r;72314284;25019;11088;777;10
r;72314287;25019;170998;777;10
r;72314289;25019;661945;777;10
r;72314291;25019;568688;777;10
r;72314293;25019;2567228;777;10
r;76317764;25019;428944;777;10
r;76317765;25019;57512;777;10
r;76317767;25019;2383506;777;10
r;86896027;25019;3323865;777;10
r;93291358;25019;3654611;777;10
r;93291359;25019;3396801;777;10
r;93291360;25019;3726544;777;10
r;476842348;25019;17458822;777;10
r;108613495;25019;3439290;777;10
r;108613497;25019;129070;777;10
r;108614556;25019;5517943;777;10
r;111385573;25019;5675186;777;10
r;111385591;25019;5526652;777;10
r;111385606;25019;5678186;777;10
r;114694040;25019;5816641;777;10
r;220308404;25019;2312649;777;10
r;220308403;25019;286577;777;10
r;220308402;25019;9748273;777;10
r;220308401;25019;6081864;777;10
r;220308400;25019;6260560;777;10
r;476526447;25019;331031;777;10
r;476526459;25019;146551;777;10
r;476526471;25019;228118;777;10
r;476526484;25019;413804;777;10
r;476526475;25019;274569;777;10
r;476526463;25019;219179;777;10
r;476526451;25019;760;777;10
r;229579997;25019;10034183;777;10
r;229580187;25019;286944;777;10
r;229580192;25019;10046797;777;10
r;229580196;25019;5937663;777;10
r;229580206;25019;10034877;777;10
r;229580209;25019;10049930;777;10
r;229580212;25019;5838772;777;10
r;229580216;25019;5937677;777;10
r;229580219;25019;9981398;777;10
r;229580223;25019;10046756;777;10
r;229580226;25019;5974697;777;10
r;229580240;25019;5977260;777;10
r;229580255;25019;5960917;777;10
r;229580264;25019;9045331;777;10
r;229580275;25019;6087682;777;10
r;243655849;25019;10090146;777;10
r;243655860;25019;10061348;777;10
r;243655864;25019;10179473;777;10
r;270887035;25019;10835032;777;10
r;246205403;25019;5871489;777;10
r;276225268;25019;10936729;777;10
r;276225269;25019;10848879;777;10
r;476526455;25019;5883915;777;10
r;476526467;25019;389402;777;10
r;476526443;25019;15695938;777;10
r;263822235;25019;10312154;777;10
r;263822249;25019;10316087;777;10
r;263822251;25019;10443954;777;10
r;263822253;25019;10497995;777;10
r;263822255;25019;10352091;777;10
r;263822257;25019;10546508;777;10
r;263822259;25019;10344139;777;10
r;263822261;25019;10344136;777;10
r;263822263;25019;10589223;777;10
r;269128330;25019;10591253;777;10
r;279716566;25019;10863410;777;10
r;296538298;25019;11518206;777;10
r;302493079;25019;11654751;777;10
r;302493088;25019;11136759;777;10
r;302493104;25019;11062011;777;10
r;305880671;25019;5996233;777;10
r;305880672;25019;57730;777;10
r;305880673;25019;142481;777;10
r;305880674;25019;4187;777;10
r;305880675;25019;2577587;777;10
r;305880676;25019;230769;777;10
r;318250597;25019;11502956;777;10
r;318250598;25019;296863;777;10
r;318250599;25019;399723;777;10
r;318250600;25019;194067;777;10
r;318250601;25019;11090686;777;10
r;318250602;25019;192296;777;10
r;318250603;25019;5817863;777;10
r;318250604;25019;269063;777;10
r;318250605;25019;567332;777;10
r;318250606;25019;365536;777;10
r;318250607;25019;302545;777;10
r;318250608;25019;115748;777;10
r;318250609;25019;285728;777;10
r;318250610;25019;5880125;777;10
r;318250611;25019;391759;777;10
r;318250612;25019;5855645;777;10
r;318250613;25019;11924500;777;10
r;319466479;25019;2599616;777;10
r;344326655;25019;29592;777;10
r;344326656;25019;10083414;777;10
r;344326657;25019;415506;777;10
r;344326658;25019;6362534;777;10
r;344326659;25019;2950121;777;10
r;370846019;25019;14548159;777;10
r;393775925;25019;109038;777;10
r;393775929;25019;78392;777;10
r;393775934;25019;3322090;777;10
r;393775935;25019;408616;777;10
r;393775941;25019;1931649;777;10
r;393775945;25019;251497;777;10
r;393775949;25019;44210;777;10
r;393775954;25019;3176664;777;10
r;393775955;25019;6832;777;10
r;393775963;25019;14653370;777;10
r;393775964;25019;394913;777;10
r;393775971;25019;142675;777;10
r;393775972;25019;26517;777;10
r;393775977;25019;283230;777;10
r;393775983;25019;431214;777;10
r;393775984;25019;148362;777;10
r;393775990;25019;2052386;777;10
r;393776034;25019;5125;777;10
r;393776038;25019;280348;777;10
r;393776042;25019;278194;777;10
r;393776047;25019;5634271;777;10
r;393776048;25019;2027203;777;10
r;393776055;25019;7450;777;10
r;393776056;25019;143108;777;10
r;393776063;25019;141474;777;10
r;393776064;25019;72905;777;10
r;393776068;25019;1418454;777;10
r;393776073;25019;137793;777;10
r;393776074;25019;19630;777;10
r;393776081;25019;1767237;777;10
r;393776082;25019;17206;777;10
r;393776121;25019;276947;777;10
r;393776122;25019;2457;777;10
r;393776128;25019;3670245;777;10
r;393776132;25019;175274;777;10
r;393776136;25019;295094;777;10
r;393776140;25019;1474029;777;10
r;393776145;25019;404986;777;10
r;393776146;25019;104448;777;10
r;393776153;25019;2927402;777;10
r;393776154;25019;2088869;777;10
r;393776159;25019;3186220;777;10
r;393776160;25019;94990;777;10
r;393776167;25019;143950;777;10
r;393776168;25019;5871440;777;10
r;393776174;25019;229551;777;10
r;393776178;25019;94860;777;10
r;393776182;25019;127313;777;10
r;393776186;25019;181951;777;10
r;393776190;25019;136766;777;10
r;393776194;25019;127371;777;10
r;393776199;25019;420705;777;10
r;393776200;25019;398771;777;10
r;393776207;25019;425567;777;10
r;393776208;25019;1987998;777;10
r;393776214;25019;12689126;777;10
r;393776218;25019;421698;777;10
r;393776222;25019;255121;777;10
r;396137568;25019;15454289;777;10
r;422241123;25019;16088224;777;10
r;422241154;25019;16054946;777;10
r;433680193;25019;16312010;777;10
r;451863178;25019;87227;777;10
r;34209660;25019;234035;999;1
r;29704282;25019;225849;999;2
r;284033059;25019;4309877;999;3
r;284033297;25019;5139347;999;3
r;285431598;25019;3092030;999;3
r;285431712;25019;3092062;999;3
r;285431825;25019;3092065;999;3
r;285431938;25019;3092066;999;3
r;285432051;25019;3092103;999;3
r;29661068;25019;225846;999;4
r;29682676;25019;225848;999;4
r;31895070;25019;237441;999;4
r;31966585;25019;237443;999;4
r;285485426;25019;2924579;999;4
r;285485516;25019;2924580;999;4
r;285485603;25019;2924581;999;4
r;285485687;25019;213708;999;4
r;285485722;25019;213707;999;4
r;19286627;25019;247484;999;5
r;19286641;25019;247485;999;5
r;19286657;25019;318105;999;5
r;30402757;25019;330963;999;5
r;285420606;25019;5326409;999;5
r;98398137;25019;2950273;999;6
r;285114276;25019;215889;999;7
r;19283775;25019;244012;999;8
r;24680569;25019;321753;999;8
r;24680606;25019;321754;999;8
r;285172944;25019;216742;999;8
r;285172952;25019;216743;999;8
r;18756914;25019;220341;999;9
r;18756973;25019;220344;999;9
r;284722669;25019;237444;999;9
r;285092946;25019;220117;999;9
r;18774777;25019;246192;999;10
r;18774828;25019;246193;999;10
r;18774880;25019;255065;999;10
r;285053407;25019;5074734;999;11
r;24680259;25019;242609;999;15
r;24680349;25019;242610;999;16
r;24680407;25019;242611;999;16
r;24680461;25019;242612;999;16
r;24680518;25019;242613;999;16
r;283134148;25019;11136749;1002;33
r;98063231;19356;25019;0;-29
r;477276995;145987;25019;0;1
r;292217446;6797262;25019;0;1
r;292447775;47319;25019;0;1
r;344380730;13594677;25019;0;1
r;352452198;174176;25019;0;1
r;423522139;11818;25019;0;1
r;366469221;14432869;25019;0;1
r;423821158;25577;25019;0;1
r;434570884;407003;25019;0;1
r;421604172;23154;25019;0;1
r;421604741;24743;25019;0;1
r;422620422;1962;25019;0;1
r;422883018;2007;25019;0;1
r;423031868;2835;25019;0;1
r;423279425;4011;25019;0;1
r;423328791;6274;25019;0;1
r;423609451;15123;25019;0;1
r;423629656;16042;25019;0;1
r;423824280;26083;25019;0;1
r;423845684;27572;25019;0;1
r;423856967;29193;25019;0;1
r;423858416;29277;25019;0;1
r;423908617;16156521;25019;0;1
r;424827202;40018;25019;0;1
r;426619153;61883;25019;0;1
r;427148689;78392;25019;0;1
r;427944949;105393;25019;0;1
r;433313043;114327;25019;0;1
r;470564647;273828;25019;0;1
r;423197063;4288;25019;0;2
r;428779119;139389;25019;0;2
r;436502825;14918011;25019;0;2
r;440072638;566560;25019;0;2
r;423885936;32445;25019;0;3
r;14635591;212659;25019;0;4
r;288647261;267394;25019;0;4
r;288647284;247024;25019;0;4
r;346511382;233003;25019;0;4
r;432537773;268886;25019;0;4
r;277928469;10989716;25019;0;5
r;290183832;8535678;25019;0;5
r;423488182;154768;25019;0;5
r;414147240;15781381;25019;0;5
r;423608117;14986;25019;0;5
r;346511383;118707;25019;0;6
r;427360837;80806;25019;0;8
r;474204113;11088;25019;0;8
r;423488296;113902;25019;0;9
r;477155431;17464270;25019;0;10
r;395156209;14943915;25019;0;10
r;405741303;15574793;25019;0;10
r;405741308;15574794;25019;0;10
r;405741331;15530705;25019;0;10
r;405741336;15530706;25019;0;10
r;408586579;15080160;25019;0;10
r;432249879;15417538;25019;0;10
r;432250284;14952482;25019;0;10
r;445794398;7053316;25019;0;10
r;315122041;12078678;25019;0;11
r;418229345;1476598;25019;0;11
r;253391862;10328568;25019;0;12
r;315109966;12080963;25019;0;12
r;418187416;70472;25019;0;12
r;418345689;16058229;25019;0;12
r;418512190;320312;25019;0;12
r;417806851;2479492;25019;0;13
r;417800417;79386;25019;0;14
r;2319437;175182;25019;0;15
r;99404653;43853;25019;0;15
r;97565604;215896;25019;0;15
r;390610371;7256380;25019;0;15
r;473647544;72426;25019;0;15
r;19196857;265839;25019;0;16
r;24569641;1483990;25019;0;16
r;423289297;320553;25019;0;16
r;282617756;11103870;25019;0;19
r;428981920;229276;25019;0;20
r;448747218;16884680;25019;0;20
r;448830159;16873480;25019;0;20
r;474235181;13761618;25019;0;20
r;979437;19821;25019;0;21
r;98660642;3343185;25019;0;21
r;269229602;3378470;25019;0;21
r;367509734;149697;25019;0;21
r;423230540;236557;25019;0;21
r;435060107;122864;25019;0;21
r;824855;95327;25019;0;22
r;959013;123736;25019;0;22
r;15579086;152125;25019;0;22
r;310095807;593296;25019;0;22
r;942021;83035;25019;0;23
r;15237327;36482;25019;0;23
r;96691868;71684;25019;0;23
r;184620582;141814;25019;0;23
r;310051322;597311;25019;0;23
r;23855116;393811;25019;0;24
r;310115398;590255;25019;0;24
r;310115400;590256;25019;0;24
r;403523288;15695004;25019;0;25
r;403523280;15695003;25019;0;25
r;403523262;15695001;25019;0;25
r;403523257;100813;25019;0;25
r;403523128;15694998;25019;0;25
r;403523121;15530704;25019;0;25
r;269229606;213466;25019;0;25
r;287693101;11220545;25019;0;25
r;309941645;1646420;25019;0;25
r;310435270;1395235;25019;0;25
r;365011858;24646;25019;0;25
r;365011863;14365486;25019;0;25
r;365011880;14365488;25019;0;25
r;365011888;14365489;25019;0;25
r;366778166;39895;25019;0;25
r;366778171;14451925;25019;0;25
r;366778187;14451927;25019;0;25
r;366778194;14451928;25019;0;25
r;367115988;14338;25019;0;25
r;367115993;14467215;25019;0;25
r;367116011;14467217;25019;0;25
r;367116019;14467218;25019;0;25
r;368342586;14505034;25019;0;25
r;368342604;14505036;25019;0;25
r;368342612;14505037;25019;0;25
r;368614877;14530522;25019;0;25
r;373335888;14688276;25019;0;25
r;373335896;14688277;25019;0;25
r;415909055;14957756;25019;0;25
r;415909057;15226782;25019;0;25
r;415909059;15145350;25019;0;25
r;415909061;15226781;25019;0;25
r;416011101;8142440;25019;0;25
r;416011103;14956330;25019;0;25
r;416011105;14956329;25019;0;25
r;437318046;29690;25019;0;25
r;437318055;16592925;25019;0;25
r;437318070;16592924;25019;0;25
r;437318080;16592927;25019;0;25
r;437318251;16592936;25019;0;25
r;437318260;16592937;25019;0;25
r;1798250;22842;25019;0;26
r;3132305;263860;25019;0;26
r;3141229;268321;25019;0;26
r;8906876;262065;25019;0;26
r;97128584;48500;25019;0;26
r;184618546;6797233;25019;0;26
r;309941643;1646419;25019;0;26
r;310051320;597310;25019;0;26
r;310095805;593295;25019;0;26
r;361529984;11057780;25019;0;26
r;368342581;55688;25019;0;26
r;2494620;175775;25019;0;27
r;3141108;263859;25019;0;27
r;3215642;140988;25019;0;27
r;10712477;142791;25019;0;27
r;417718584;16030968;25019;0;27
r;9625110;152708;25019;0;28
r;11230647;68169;25019;0;28
r;85001736;175315;25019;0;28
r;98274231;81129;25019;0;28
r;105668479;109263;25019;0;28
r;769297;127878;25019;0;29
r;3139939;267846;25019;0;29
r;23855114;393810;25019;0;29
r;87718064;2255026;25019;0;29
r;980476;51054;25019;0;30
r;1938946;220342;25019;0;30
r;3215422;9986;25019;0;30
r;10604036;233133;25019;0;30
r;10604943;220337;25019;0;30
r;12136456;150;25019;0;30
r;15295684;134536;25019;0;30
r;23855118;393812;25019;0;30
r;97130491;140904;25019;0;30
r;401874069;9769059;25019;0;30
r;432250848;15417531;25019;0;30
r;2432488;164531;25019;0;31
r;3132908;54657;25019;0;31
r;98113638;110750;25019;0;31
r;2578421;213706;25019;0;32
r;96790674;13369;25019;0;32
r;3216041;196135;25019;0;34
r;4521853;216744;25019;0;34
r;8907646;316958;25019;0;34
r;15377276;117095;25019;0;34
r;97147387;58768;25019;0;34
r;1888388;236812;25019;0;35
r;1888504;236811;25019;0;35
r;2398366;237979;25019;0;35
r;3141162;227215;25019;0;35
r;3235428;150808;25019;0;35
r;4519415;220118;25019;0;35
r;4523903;280205;25019;0;35
r;96603227;2585626;25019;0;35
r;355050964;2461482;25019;0;35
r;3128313;253181;25019;0;36
r;93570452;71062;25019;0;36
r;123053843;6737046;25019;0;39
r;426356992;15063834;25019;0;40
r;426357536;14958909;25019;0;40
r;3125534;267640;25019;0;41
r;423557384;145246;25019;0;41
r;3128390;267633;25019;0;43
r;9666505;8319;25019;0;43
r;9685494;151745;25019;0;43
r;14399725;128439;25019;0;43
r;84561248;3179337;25019;0;43
r;97510311;157007;25019;0;43
r;98483628;148387;25019;0;44
r;3124927;267634;25019;0;45
r;3125040;267635;25019;0;45
r;3125212;249565;25019;0;45
r;11666275;269157;25019;0;45
r;193650728;8955777;25019;0;50
r;374555918;14721399;25019;0;50
r;374568292;14721400;25019;0;50
r;2453138;140429;25019;0;51
r;10576284;30459;25019;0;51
r;11380318;325728;25019;0;51
r;11699037;560;25019;0;51
r;13071375;229230;25019;0;51
r;18636741;246191;25019;0;51
r;30204516;1703068;25019;0;51
r;44830438;215888;25019;0;51
r;71436743;244885;25019;0;51
r;321990240;171003;25019;0;51
r;360219715;332214;25019;0;51
r;370005957;13730808;25019;0;51
r;370878164;14593925;25019;0;51
r;371127149;14326267;25019;0;51
r;372564688;14653843;25019;0;51
r;372975913;410956;25019;0;51
r;395897279;144172;25019;0;51
r;10576285;52413;25019;0;52
r;10576388;71624;25019;0;52
r;11533416;265220;25019;0;52
r;11626525;110773;25019;0;52
r;11630618;91794;25019;0;52
r;11404956;264908;25019;0;53
r;25768776;1635521;25019;0;53
r;102004703;4890771;25019;0;53
r;105486941;5074733;25019;0;53
r;2183115;103166;25019;0;54
r;9744592;98919;25019;0;54
r;9771202;95145;25019;0;54
r;10576387;140176;25019;0;54
r;9743508;247483;25019;0;55
r;10886693;248081;25019;0;55
r;11500282;325738;25019;0;55
r;12034545;330964;25019;0;55
r;13804338;234036;25019;0;55
r;13879640;65081;25019;0;55
r;13920602;225847;25019;0;55
r;13982082;260820;25019;0;55
r;14029649;237445;25019;0;55
r;52443868;2568973;25019;0;55
r;437693615;16601947;25019;0;55
r;173187;113583;25019;0;56
r;1822272;197423;25019;0;56
r;10890691;86640;25019;0;57
r;11236368;55823;25019;0;57
r;11386930;264880;25019;0;57
r;11392308;40733;25019;0;57
r;19196855;391009;25019;0;57
r;19196856;87789;25019;0;57
r;19226597;391010;25019;0;57
r;33729960;2324272;25019;0;57
r;78696324;267642;25019;0;57
r;108338075;212824;25019;0;57
r;10576248;17559;25019;0;58
r;11507134;142602;25019;0;58
r;76471840;3175104;25019;0;58
r;411622564;136624;25019;0;58
r;2208472;137333;25019;0;59
r;11373725;325731;25019;0;59
r;11398523;264881;25019;0;59
r;11479558;325736;25019;0;59
r;11481360;265277;25019;0;59
r;11538113;325741;25019;0;59
r;11622443;283634;25019;0;59
r;13414287;265837;25019;0;59
r;13777428;326373;25019;0;59
r;14385249;329657;25019;0;59
r;1877532;33822;25019;0;60
r;1877630;37211;25019;0;60
r;11410226;317929;25019;0;60
r;11487010;115304;25019;0;60
r;212010464;8646308;25019;0;60
r;223243367;1829958;25019;0;60
r;374046296;306000;25019;0;60
r;409562243;364788;25019;0;60
r;426357255;14940700;25019;0;60
r;186873;116032;25019;0;61
r;2558978;153441;25019;0;61
r;11548139;326588;25019;0;61
r;364323411;326560;25019;0;61
r;1610381;151746;25019;0;63
r;1856796;72888;25019;0;63
r;84876877;2955274;25019;0;63
r;9857804;244011;25019;0;64
r;3093076;220343;25019;0;65
r;212070885;8991744;25019;0;65
r;405687221;15080161;25019;0;65
r;15566316;120157;25019;0;66
r;9879995;242608;25019;0;67
r;192350;48855;25019;0;68
r;429722;73126;25019;0;68
r;9745006;11379;25019;0;69
r;2576572;175209;25019;0;71
r;241621401;116698;25019;0;71
r;370726248;2849067;25019;0;71
r;3104364;86756;25019;0;75
r;12029741;271117;25019;0;75
r;11511582;54794;25019;0;77
r;2192182;86046;25019;0;80
r;321870533;12321907;25019;0;80
r;391197230;14940408;25019;0;80
r;11634722;101018;25019;0;82
r;365011870;14365487;25019;0;82
r;365011903;14365490;25019;0;82
r;366778178;14451926;25019;0;83
r;366778209;14451929;25019;0;83
r;367116001;14467216;25019;0;83
r;367116034;14467219;25019;0;83
r;368342594;14505035;25019;0;85
r;368342627;14505038;25019;0;85
r;368614884;14530523;25019;0;85
r;373335910;14688278;25019;0;89
r;403523303;15695005;25019;0;95
r;403523270;15695002;25019;0;95
r;403523140;15694999;25019;0;95
r;11582764;328442;25019;0;100
r;437318063;16592926;25019;0;100
r;12605542;374099;25019;0;101
r;12605538;374100;25019;0;104
r;12605546;374098;25019;0;105
r;12605550;374097;25019;0;105
r;12764052;335416;25019;0;109
r;413393811;14721398;25019;0;110
r;278658754;11004389;25019;0;111
r;259993;31424;25019;0;140
r;9438298;163526;25019;0;145
r;374568341;14721397;25019;0;145
r;8915833;280367;25019;0;147
r;9561865;280744;25019;0;147
r;9561868;280745;25019;0;147
r;9561870;280746;25019;0;147
r;9256428;263649;25019;0;148
r;8559726;267837;25019;0;149
r;150576334;6947917;25019;0;177
r;31240263;143669;25019;0;179
r;2384293;255865;25019;0;187
r;3147071;1125;25019;0;194
r;1596798;23784;25019;0;304
r;85002493;175316;25019;0;304
r;395156425;14943915;25019;5;10
r;444877399;16884680;25019;5;25
r;443672589;16873480;25019;5;30
r;309298220;590255;25019;5;33
r;309298221;590256;25019;5;33
r;309315714;593295;25019;5;33
r;309315715;593296;25019;5;33
r;309349419;597310;25019;5;33
r;309349420;597311;25019;5;33
r;309421418;1646419;25019;5;33
r;309421419;1646420;25019;5;33
r;287694519;11220545;25019;5;51
r;288484652;30459;25019;5;53
r;54675069;123736;25019;5;64
r;54868206;83035;25019;5;67
r;55074122;95327;25019;5;69
r;1846016;229004;25019;6;-81
r;193853983;17559;25019;6;-50
r;209551;52413;25019;6;-10
r;97824149;229001;25019;6;2
r;277769279;135926;25019;6;10
r;276789704;215038;25019;6;15
r;288493809;6737046;25019;6;15
r;403523266;15695002;25019;6;25
r;403523132;15694999;25019;6;25
r;365011866;14365487;25019;6;25
r;366778174;14451926;25019;6;25
r;367115997;14467216;25019;6;25
r;368342590;14505035;25019;6;25
r;368614880;14530523;25019;6;25
r;437318056;16592926;25019;6;25
r;276220796;3309292;25019;6;26
r;287694466;220342;25019;6;26
r;287694496;267394;25019;6;26
r;345467791;118707;25019;6;26
r;193853989;86640;25019;6;29
r;403523299;15695005;25019;6;30
r;365011899;14365490;25019;6;30
r;366778205;14451929;25019;6;30
r;367116030;14467219;25019;6;30
r;368342623;14505038;25019;6;30
r;373335906;14688278;25019;6;30
r;108389835;280744;25019;6;31
r;193854011;73126;25019;6;32
r;108389836;280745;25019;6;34
r;108389837;280746;25019;6;35
r;268977271;3378470;25019;6;41
r;345467793;233003;25019;6;41
r;268977263;213466;25019;6;51
r;287694375;247024;25019;6;51
r;96603298;2585626;25019;6;58
r;10712478;142791;25019;6;60
r;212070988;8991744;25019;6;63
r;193853971;31424;25019;6;68
r;14399698;128439;25019;6;80
r;148654;116032;25019;6;95
r;2162226;247483;25019;6;177
r;2495495;95145;25019;6;177
r;204021;86756;25019;6;186
r;2211789;98919;25019;6;186
r;1847662;151745;25019;6;192
r;9076640;242608;25019;6;192
r;3167298;244011;25019;6;193
r;84561329;3179337;25019;6;193
r;1596706;8319;25019;6;204
r;2229345;11379;25019;6;208
r;356272;152708;25019;6;213
r;85002097;175315;25019;6;213
r;153343;151746;25019;6;219
r;84876949;2955274;25019;6;220
r;115631;23784;25019;6;273
r;85002477;175316;25019;6;273
r;114281;137333;25019;6;302
r;12129859;150;25019;6;609
r;1727277;86046;25019;7;34
r;408600444;15080160;25019;9;10
r;10536519;36886;25019;9;11
r;8559727;267837;25019;9;26
r;405679822;15080161;25019;9;60
r;409562244;364788;25019;9;60
r;10549888;120157;25019;9;62
r;10033131;213545;25019;10;4
r;10040822;237765;25019;10;4
r;10051028;8990;25019;10;4
r;10058744;62726;25019;10;4
r;10067991;124919;25019;10;4
r;10080844;148105;25019;10;4
r;10088341;77008;25019;10;4
r;10113806;151867;25019;10;4
r;372515858;213977;25019;10;5
r;10138252;214603;25019;10;6
r;10025505;233008;25019;10;7
r;10143943;92955;25019;10;7
r;10173563;95256;25019;10;7
r;13134539;390927;25019;10;7
r;10189464;3508;25019;10;8
r;11900404;213792;25019;10;8
r;11908322;213644;25019;10;8
r;11916081;74558;25019;10;8
r;10121907;144846;25019;10;9
r;10248351;74846;25019;10;10
r;10265912;233138;25019;10;11
r;10390962;108463;25019;10;13
r;10073387;43853;25019;10;14
r;10096038;77424;25019;10;14
r;10282704;116980;25019;10;14
r;10356591;96211;25019;10;14
r;10406545;126285;25019;10;14
r;10422475;109785;25019;10;15
r;10439848;219363;25019;10;15
r;10450534;240720;25019;10;15
r;60107564;81934;25019;10;15
r;60109204;26363;25019;10;15
r;11065061;126388;25019;10;16
r;11087385;152844;25019;10;16
r;10505043;83944;25019;10;17
r;60085791;142086;25019;10;17
r;60097933;221019;25019;10;17
r;60100175;16110;25019;10;17
r;60080242;107477;25019;10;18
r;60084022;140715;25019;10;18
r;425215874;398564;25019;10;18
r;444488910;15088586;25019;10;20
r;478970558;11008328;25019;10;20
r;10494971;103311;25019;10;22
r;154164734;6800353;25019;10;22
r;60062706;145953;25019;10;24
r;60073890;34898;25019;10;24
r;10017879;215896;25019;10;26
r;11103283;241352;25019;10;26
r;23838794;393811;25019;10;26
r;11300509;326146;25019;10;27
r;60070927;228289;25019;10;27
r;97736346;3343185;25019;10;27
r;10106018;225934;25019;10;28
r;25844860;1636805;25019;10;28
r;330155832;12791689;25019;10;30
r;10372798;139779;25019;10;31
r;10659611;16747;25019;10;31
r;23838797;393812;25019;10;31
r;98060709;19356;25019;10;32
r;13214572;212659;25019;10;34
r;212107653;94431;25019;10;36
r;13116168;95422;25019;10;41
r;23838790;393810;25019;10;41
r;196083043;6798394;25019;10;41
r;401122605;15047666;25019;10;50
r;10968095;57875;25019;10;52
r;255666929;174176;25019;10;55
r;220070464;1816244;25019;10;118
r;398643785;14917526;25019;10;200
r;398824915;14918011;25019;10;200
r;15823132;114327;25019;10;201
r;154220935;6797262;25019;10;252
r;216381864;8535678;25019;10;281
r;10414491;47319;25019;10;284
r;11112902;141814;25019;10;356
r;148705570;6797233;25019;10;360
r;402929140;153623;25019;13;10
r;404861332;140659;25019;13;10
r;405741304;15574793;25019;13;10
r;405741309;15574794;25019;13;10
r;405741332;15530705;25019;13;10
r;405741337;15530706;25019;13;10
r;408492254;14924738;25019;13;10
r;413819878;390956;25019;13;10
r;413820273;106288;25019;13;10
r;413820828;137164;25019;13;10
r;403942810;101631;25019;13;11
r;413931541;59014;25019;13;11
r;2449719;250849;25019;13;30
r;2474587;251165;25019;13;30
r;14891729;73827;25019;13;30
r;14933425;112239;25019;13;30
r;14938213;47918;25019;13;30
r;14943267;139709;25019;13;30
r;14950596;259820;25019;13;30
r;14954742;213857;25019;13;30
r;14962660;43253;25019;13;30
r;14974892;251694;25019;13;30
r;14985287;115440;25019;13;30
r;14993786;124600;25019;13;30
r;15003193;2442;25019;13;30
r;15009262;43601;25019;13;30
r;15015182;130164;25019;13;30
r;15805938;224422;25019;13;30
r;60222762;140318;25019;13;30
r;232512681;6681658;25019;13;30
r;347731721;105814;25019;13;30
r;403187891;15562694;25019;13;30
r;403187616;15432879;25019;13;30
r;368342644;14505030;25019;13;30
r;368614893;14530524;25019;13;30
r;402754708;14918311;25019;13;30
r;402905261;55489;25019;13;30
r;404440503;15562692;25019;13;30
r;404440652;15562693;25019;13;30
r;404440850;15562695;25019;13;30
r;404440999;15562696;25019;13;30
r;407908509;16120;25019;13;30
r;409044259;15604693;25019;13;30
r;409100028;14937757;25019;13;30
r;413667268;15099850;25019;13;30
r;414611580;15099852;25019;13;30
r;448297617;15229895;25019;13;30
r;457116688;186809;25019;13;30
r;78291439;33882;25019;13;31
r;82013820;1655787;25019;13;36
r;3192770;165604;25019;13;45
r;11585178;327060;25019;13;45
r;412751506;5061539;25019;13;50
r;486096;156803;25019;13;54
r;11550027;326697;25019;13;55
r;1758007;217729;25019;13;60
r;11591384;326892;25019;13;60
r;398221118;207747;25019;13;60
r;398221226;15347453;25019;13;60
r;12116143;195297;25019;13;61
r;12141790;327073;25019;13;61
r;365011878;14365488;25019;13;61
r;366778185;14451927;25019;13;61
r;367115987;14338;25019;13;61
r;368342580;55688;25019;13;61
r;368342602;14505036;25019;13;61
r;277553719;1680919;25019;13;65
r;403523278;15695003;25019;13;66
r;403523256;100813;25019;13;66
r;403523120;15530704;25019;13;66
r;398221032;2420799;25019;13;70
r;367116009;14467217;25019;13;71
r;373335886;14688276;25019;13;73
r;193867650;24646;25019;13;76
r;365011917;11057780;25019;13;76
r;398068371;15347452;25019;13;80
r;398220821;211698;25019;13;80
r;398220916;1773695;25019;13;80
r;182386;39895;25019;13;91
r;11582740;328442;25019;13;100
r;403523259;15695001;25019;13;100
r;403523124;15694998;25019;13;100
r;365011860;14365486;25019;13;100
r;366778168;14451925;25019;13;100
r;367115990;14467215;25019;13;100
r;368342583;14505034;25019;13;100
r;368614874;14530522;25019;13;100
r;2205364;78768;25019;13;105
r;1693754;86915;25019;13;110
r;398068261;15057094;25019;13;110
r;144473;21149;25019;13;130
r;144499;7943;25019;13;150
r;437318064;16592923;25019;14;30
r;437318261;16592937;25019;14;30
r;437318045;29690;25019;14;71
r;437318048;16592925;25019;14;100
r;23838793;393811;25019;15;26
r;23838789;393810;25019;15;29
r;23838796;393812;25019;15;29
r;13214562;212659;25019;15;31
r;10657014;124812;25019;17;1
r;104911539;271500;25019;17;4
r;447873317;15199018;25019;17;10
r;97130489;140904;25019;17;21
r;97349228;35954;25019;17;21
r;98274234;81129;25019;17;21
r;97359152;48855;25019;17;23
r;3216615;251937;25019;17;26
r;96925366;142277;25019;17;26
r;193854006;73126;25019;17;26
r;3222922;213495;25019;17;27
r;3235439;150808;25019;17;27
r;8914827;317214;25019;17;27
r;14800457;17559;25019;17;27
r;96924847;452637;25019;17;27
r;350350723;85588;25019;17;27
r;3223091;47526;25019;17;29
r;98286069;114428;25019;17;29
r;4521855;216744;25019;17;30
r;3196400;261486;25019;17;32
r;3222765;262032;25019;17;32
r;193854001;86640;25019;17;33
r;3644735;273460;25019;17;34
r;2494619;175775;25019;17;35
r;4523622;220118;25019;17;35
r;2505642;153477;25019;17;40
r;410171727;15083400;25019;17;40
r;414669235;156430;25019;17;41
r;2497965;30458;25019;17;45
r;2120241;110750;25019;17;51
r;28243219;96912;25019;17;51
r;325669;25019;25019;19;51
r;12105499;269157;25019;19;55
r;32750763;2255026;25019;19;55
r;12105495;271117;25019;19;58
r;96738106;35789;25019;20;15
r;98655383;4324749;25019;20;15
r;97359202;48855;25019;20;24
r;10569741;325131;25019;20;28
r;10568765;245243;25019;20;29
r;8914816;317214;25019;20;35
r;10569450;265078;25019;20;35
r;372672141;136722;25019;23;2
r;399015172;15386014;25019;23;10
r;399015364;15386015;25019;23;10
r;399015556;15386016;25019;23;10
r;467893111;14606397;25019;23;10
r;97656253;676510;25019;23;15
r;14776459;63021;25019;23;21
r;14776467;98826;25019;23;21
r;399002442;15543908;25019;23;21
r;14762753;122864;25019;23;22
r;14776177;1384;25019;23;22
r;14776453;116544;25019;23;22
r;14776470;52501;25019;23;22
r;14776456;134862;25019;23;23
r;14776461;49945;25019;23;23
r;14785433;74514;25019;23;23
r;14722437;102934;25019;23;24
r;14776462;129973;25019;23;24
r;14776468;264592;25019;23;24
r;14785371;48855;25019;23;24
r;376069098;64888;25019;23;25
r;376096623;52413;25019;23;25
r;14776465;7421;25019;23;26
r;14722479;246748;25019;23;27
r;14736624;330215;25019;23;27
r;14776460;88899;25019;23;27
r;14776454;224099;25019;23;28
r;14776458;264593;25019;23;28
r;14776463;153217;25019;23;28
r;399002458;15543909;25019;23;28
r;14785383;110732;25019;23;29
r;14776464;117371;25019;23;30
r;14776466;135306;25019;23;30
r;14776469;117932;25019;23;30
r;14776455;120759;25019;23;34
r;14776457;137254;25019;23;38
r;399002490;15058116;25019;23;40
r;253126613;10314012;25019;23;65
r;78279454;99220;25019;23;68
r;193853762;48510;25019;23;100
r;15111557;215008;25019;27;-20
r;15111867;24742;25019;27;-20
r;15179094;117095;25019;27;22
r;15528785;152125;25019;27;23
r;390549428;7256380;25019;27;23
r;15164331;134536;25019;27;27
r;15101609;36482;25019;27;31
r;150566528;6947917;25019;27;172
r;31240262;143669;25019;27;176
r;96614876;52255;25019;28;23
r;11323967;218648;25019;28;40
r;287693090;30459;25019;35;45
r;404371;116032;25019;35;60
r;1630213;31424;25019;35;140
r;276669;1125;25019;35;370
r;2393805;48855;25019;41;32
r;1846070;103166;25019;41;55
r;111385563;5675186;25019;53;35
r;98287119;17936;25019;55;22
r;3132346;263860;25019;55;26
r;3141281;268321;25019;55;31
r;3064328;233824;25019;55;34
r;3132969;54657;25019;55;35
r;408941505;14923453;25019;56;10
r;2400700;162496;25019;56;27
r;8906980;262065;25019;56;29
r;3219030;263859;25019;56;35
r;361140893;69045;25019;56;61
r;78354072;269157;25019;59;42
r;443672590;16873480;25019;71;-30
r;34604969;120892;25019;115;1
r;34604970;20202;25019;115;1
r;34604971;22264;25019;115;1
r;34604972;144681;25019;115;1
r;34604973;4552;25019;115;1
r;34604974;49337;25019;115;1
r;34604975;90830;25019;115;1
r;34604976;23114;25019;115;1
r;34604977;60835;25019;115;1
r;34604978;17927;25019;115;1
r;34604979;626;25019;115;1
r;34604980;82489;25019;115;1
r;34604981;91691;25019;115;1
r;34604982;102345;25019;115;1
r;34604983;28453;25019;115;1
r;34604984;14330;25019;115;1
r;385458749;103405;25019;115;25
r;385623076;142791;25019;130;25
r;375607629;5675186;25019;136;25
r;475870755;271117;25019;170;25
r;390424867;14956330;25019;333;25
r;394189104;15226782;25019;333;26
r;394189107;14957756;25019;333;26
r;394189098;15226781;25019;333;27
r;394189101;15145350;25019;333;27
r;390424871;8142440;25019;333;30
r;390424861;14956329;25019;333;37
r;1741149;223242;25019;666;1
r;1761446;37211;25019;666;1
r;1782311;73126;25019;666;1
r;1798633;1125;25019;666;1
r;1823315;144705;25019;666;1
r;13472793;88002;25019;666;1
r;14412023;213466;25019;666;1
r;440072637;566560;25019;666;1
r;1766958;72888;25019;666;2
r;3236329;103166;25019;666;2
r;10712479;142791;25019;666;2
r;1566601;86756;25019;666;3
r;1932115;30458;25019;666;3
r;1526155;72678;25019;666;4
r;13434433;142235;25019;777;1
r;13404540;214316;25019;777;2
r;3547656;145246;25019;777;5
r;3735911;130164;25019;777;5
r;3263473;77008;25019;777;8
r;3412787;77424;25019;777;8
r;3238348;122864;25019;777;9
r;3241903;626;25019;777;9
r;3298710;142832;25019;777;9
r;3375854;17559;25019;777;9
r;3464913;43253;25019;777;9
r;4947052;35789;25019;777;9
r;3238349;271804;25019;777;10
r;3240861;271811;25019;777;10
r;3255625;271873;25019;777;10
r;3255627;153147;25019;777;10
r;3258519;152685;25019;777;10
r;3275229;60829;25019;777;10
r;3322365;45837;25019;777;10
r;3344981;143334;25019;777;10
r;3344989;32851;25019;777;10
r;3345002;175720;25019;777;10
r;3346720;92754;25019;777;10
r;3375856;71539;25019;777;10
r;3382659;86808;25019;777;10
r;3382661;272327;25019;777;10
r;3382663;127699;25019;777;10
r;3383511;11088;25019;777;10
r;3383513;272331;25019;777;10
r;3383515;272332;25019;777;10
r;3383517;272333;25019;777;10
r;3383519;272334;25019;777;10
r;3463793;157132;25019;777;10
r;3463795;81027;25019;777;10
r;3463797;175539;25019;777;10
r;3466664;124600;25019;777;10
r;3487907;245809;25019;777;10
r;3487909;10920;25019;777;10
r;3487911;272823;25019;777;10
r;3547739;273168;25019;777;10
r;3547827;273169;25019;777;10
r;3560771;4187;25019;777;10
r;3560823;142481;25019;777;10
r;3575432;17929;25019;777;10
r;3575434;273301;25019;777;10
r;3575436;97872;25019;777;10
r;3575438;153748;25019;777;10
r;3578427;16718;25019;777;10
r;3626140;273610;25019;777;10
r;3626142;262058;25019;777;10
r;3634685;91884;25019;777;10
r;3634687;142316;25019;777;10
r;3647072;72905;25019;777;10
r;3648596;140703;25019;777;10
r;3648598;77314;25019;777;10
r;3653051;29797;25019;777;10
r;3653053;175177;25019;777;10
r;3653055;125327;25019;777;10
r;3656370;164213;25019;777;10
r;3678332;273969;25019;777;10
r;3678334;273970;25019;777;10
r;3701252;39009;25019;777;10
r;3701254;123866;25019;777;10
r;3728421;115855;25019;777;10
r;3735908;113902;25019;777;10
r;3735962;120157;25019;777;10
r;3752821;141474;25019;777;10
r;3766429;145295;25019;777;10
r;3766431;105689;25019;777;10
r;3775195;274400;25019;777;10
r;3775196;33133;25019;777;10
r;3775197;274401;25019;777;10
r;3787496;125139;25019;777;10
r;3823618;7347;25019;777;10
r;3824529;95492;25019;777;10
r;3824934;40310;25019;777;10
r;3825874;274664;25019;777;10
r;3825983;86754;25019;777;10
r;3828997;274715;25019;777;10
r;3829150;274716;25019;777;10
r;3832379;103423;25019;777;10
r;3836146;62819;25019;777;10
r;3844841;113386;25019;777;10
r;3854654;213249;25019;777;10
r;3854657;274763;25019;777;10
r;3854660;213250;25019;777;10
r;3949648;251357;25019;777;10
r;3951893;275505;25019;777;10
r;3951894;55200;25019;777;10
r;3951895;275506;25019;777;10
r;3951896;275507;25019;777;10
r;3960236;147012;25019;777;10
r;4007354;154768;25019;777;10
r;4039188;41811;25019;777;10
r;4041221;168259;25019;777;10
r;4041402;23300;25019;777;10
r;4041403;145764;25019;777;10
r;4058163;272186;25019;777;10
r;4201163;4407;25019;777;10
r;4248141;278194;25019;777;10
r;4248142;6326;25019;777;10
r;4255916;6729;25019;777;10
r;4265725;7194;25019;777;10
r;4271727;36294;25019;777;10
r;4271728;7418;25019;777;10
r;4376645;41693;25019;777;10
r;4419257;279542;25019;777;10
r;4419260;235255;25019;777;10
r;4420799;22357;25019;777;10
r;4420802;80806;25019;777;10
r;4440175;137220;25019;777;10
r;4447038;174530;25019;777;10
r;4477280;21025;25019;777;10
r;4515397;14986;25019;777;10
r;4515399;95474;25019;777;10
r;4517185;52413;25019;777;10
r;4517187;280348;25019;777;10
r;4535362;251497;25019;777;10
r;4535525;222873;25019;777;10
r;4535529;280498;25019;777;10
r;4535530;280499;25019;777;10
r;4535531;72813;25019;777;10
r;4558917;67735;25019;777;10
r;4566012;128439;25019;777;10
r;4566014;280744;25019;777;10
r;4566015;280745;25019;777;10
r;4566016;280746;25019;777;10
r;4567270;274822;25019;777;10
r;4567271;228416;25019;777;10
r;4570007;45923;25019;777;10
r;4570010;265913;25019;777;10
r;4581454;178691;25019;777;10
r;4606679;69092;25019;777;10
r;4606680;281058;25019;777;10
r;4606681;64308;25019;777;10
r;4606682;153085;25019;777;10
r;4655727;89581;25019;777;10
r;4689130;281681;25019;777;10
r;4689133;72455;25019;777;10
r;4689134;281682;25019;777;10
r;4689135;270654;25019;777;10
r;4693722;273800;25019;777;10
r;4693723;98919;25019;777;10
r;4693724;281714;25019;777;10
r;4695117;32445;25019;777;10
r;4695118;281723;25019;777;10
r;4741076;146499;25019;777;10
r;4742577;25363;25019;777;10
r;4752207;152708;25019;777;10
r;4752208;217629;25019;777;10
r;4753052;134980;25019;777;10
r;4753693;231865;25019;777;10
r;4753694;282214;25019;777;10
r;4753695;78392;25019;777;10
r;4799428;116090;25019;777;10
r;4799429;93025;25019;777;10
r;4799430;282605;25019;777;10
r;4864920;283120;25019;777;10
r;4864921;194137;25019;777;10
r;4871499;67213;25019;777;10
r;4871500;56973;25019;777;10
r;4884775;37264;25019;777;10
r;4884776;159076;25019;777;10
r;4947051;99083;25019;777;10
r;4947053;148914;25019;777;10
r;4956968;92297;25019;777;10
r;4956969;136845;25019;777;10
r;4974624;140718;25019;777;10
r;4977061;283981;25019;777;10
r;5044944;268363;25019;777;10
r;5049782;268886;25019;777;10
r;5063332;284588;25019;777;10
r;5076750;271117;25019;777;10
r;5076938;117879;25019;777;10
r;5076939;284693;25019;777;10
r;5076940;271119;25019;777;10
r;5077094;271123;25019;777;10
r;5113137;284942;25019;777;10
r;5125378;51086;25019;777;10
r;5125379;285053;25019;777;10
r;289390577;264599;25019;2000;40
r;289390578;264598;25019;2000;41
